 #beta    10.0000000000000     
 #nw         2000
 #w, Re,Im for 1221 1331 ... 2332 ...
    0.000000    0.471388    0.471292    0.471386
    0.628300    0.472339    0.472244    0.472338
    1.256600    0.474884    0.474788    0.474882
    1.884900    0.478434    0.478338    0.478433
    2.513200    0.482503    0.482406    0.482502
    3.141500    0.486756    0.486659    0.486755
    3.769800    0.490977    0.490879    0.490975
    4.398100    0.495030    0.494932    0.495028
    5.026400    0.498839    0.498741    0.498838
    5.654700    0.502368    0.502269    0.502366
    6.283000    0.505604    0.505505    0.505602
    6.911300    0.508554    0.508455    0.508552
    7.539600    0.511232    0.511133    0.511231
    8.167900    0.513661    0.513561    0.513659
    8.796200    0.515861    0.515762    0.515860
    9.424500    0.517856    0.517756    0.517855
   10.052800    0.519668    0.519568    0.519666
   10.681100    0.521315    0.521215    0.521314
   11.309400    0.522817    0.522717    0.522816
   11.937700    0.524190    0.524090    0.524189
   12.566000    0.525449    0.525348    0.525447
   13.194300    0.526605    0.526504    0.526603
   13.822600    0.527670    0.527570    0.527669
   14.450900    0.528655    0.528555    0.528654
   15.079200    0.529568    0.529467    0.529566
   15.707500    0.530415    0.530315    0.530414
   16.335800    0.531205    0.531104    0.531203
   16.964100    0.531942    0.531841    0.531941
   17.592400    0.532632    0.532531    0.532631
   18.220700    0.533279    0.533178    0.533278
   18.849000    0.533888    0.533787    0.533886
   19.477300    0.534461    0.534360    0.534459
   20.105600    0.535002    0.534901    0.535000
   20.733900    0.535513    0.535412    0.535512
   21.362200    0.535998    0.535897    0.535997
   21.990500    0.536458    0.536357    0.536456
   22.618800    0.536895    0.536794    0.536893
   23.247100    0.537311    0.537210    0.537309
   23.875400    0.537707    0.537606    0.537706
   24.503700    0.538085    0.537984    0.538084
   25.132000    0.538447    0.538346    0.538446
   25.760300    0.538793    0.538692    0.538791
   26.388600    0.539124    0.539023    0.539123
   27.016900    0.539442    0.539341    0.539440
   27.645200    0.539747    0.539645    0.539745
   28.273500    0.540039    0.539938    0.540038
   28.901800    0.540321    0.540220    0.540320
   29.530100    0.540592    0.540491    0.540591
   30.158400    0.540853    0.540752    0.540852
   30.786700    0.541105    0.541004    0.541104
   31.415000    0.541348    0.541247    0.541347
   32.043300    0.541583    0.541482    0.541581
   32.671600    0.541809    0.541708    0.541808
   33.299900    0.542028    0.541927    0.542027
   33.928200    0.542240    0.542139    0.542239
   34.556500    0.542446    0.542344    0.542444
   35.184800    0.542644    0.542543    0.542643
   35.813100    0.542837    0.542736    0.542836
   36.441400    0.543024    0.542922    0.543022
   37.069700    0.543205    0.543104    0.543203
   37.698000    0.543380    0.543279    0.543379
   38.326300    0.543551    0.543450    0.543550
   38.954600    0.543717    0.543616    0.543716
   39.582900    0.543878    0.543777    0.543877
   40.211200    0.544035    0.543934    0.544034
   40.839500    0.544187    0.544086    0.544186
   41.467800    0.544336    0.544235    0.544334
   42.096100    0.544480    0.544379    0.544479
   42.724400    0.544621    0.544519    0.544619
   43.352700    0.544757    0.544656    0.544756
   43.981000    0.544891    0.544790    0.544890
   44.609300    0.545021    0.544920    0.545020
   45.237600    0.545148    0.545047    0.545147
   45.865900    0.545271    0.545170    0.545270
   46.494200    0.545392    0.545291    0.545391
   47.122500    0.545510    0.545409    0.545509
   47.750800    0.545625    0.545524    0.545624
   48.379100    0.545737    0.545636    0.545736
   49.007400    0.545847    0.545745    0.545845
   49.635700    0.545954    0.545853    0.545952
   50.264000    0.546058    0.545957    0.546057
   50.892300    0.546160    0.546059    0.546159
   51.520600    0.546260    0.546159    0.546259
   52.148900    0.546358    0.546257    0.546357
   52.777200    0.546454    0.546353    0.546453
   53.405500    0.546547    0.546446    0.546546
   54.033800    0.546639    0.546538    0.546638
   54.662100    0.546728    0.546627    0.546727
   55.290400    0.546816    0.546715    0.546815
   55.918700    0.546902    0.546801    0.546901
   56.547000    0.546986    0.546885    0.546985
   57.175300    0.547068    0.546967    0.547067
   57.803600    0.547149    0.547048    0.547148
   58.431900    0.547228    0.547127    0.547227
   59.060200    0.547305    0.547204    0.547304
   59.688500    0.547381    0.547280    0.547380
   60.316800    0.547455    0.547355    0.547455
   60.945100    0.547528    0.547427    0.547527
   61.573400    0.547600    0.547499    0.547599
   62.201700    0.547670    0.547569    0.547669
   62.830000    0.547739    0.547638    0.547738
   63.458300    0.547806    0.547705    0.547805
   64.086600    0.547872    0.547772    0.547872
   64.714900    0.547937    0.547837    0.547936
   65.343200    0.548001    0.547900    0.548000
   65.971500    0.548064    0.547963    0.548063
   66.599800    0.548125    0.548024    0.548124
   67.228100    0.548185    0.548085    0.548185
   67.856400    0.548245    0.548144    0.548244
   68.484700    0.548303    0.548202    0.548302
   69.113000    0.548360    0.548259    0.548359
   69.741300    0.548416    0.548315    0.548415
   70.369600    0.548471    0.548370    0.548470
   70.997900    0.548525    0.548425    0.548525
   71.626200    0.548579    0.548478    0.548578
   72.254500    0.548631    0.548530    0.548630
   72.882800    0.548682    0.548582    0.548681
   73.511100    0.548733    0.548632    0.548732
   74.139400    0.548783    0.548682    0.548782
   74.767700    0.548831    0.548731    0.548831
   75.396000    0.548879    0.548779    0.548879
   76.024300    0.548927    0.548826    0.548926
   76.652600    0.548973    0.548872    0.548972
   77.280900    0.549019    0.548918    0.549018
   77.909200    0.549064    0.548963    0.549063
   78.537500    0.549108    0.549007    0.549107
   79.165800    0.549152    0.549051    0.549151
   79.794100    0.549194    0.549094    0.549194
   80.422400    0.549237    0.549136    0.549236
   81.050700    0.549278    0.549177    0.549277
   81.679000    0.549319    0.549218    0.549318
   82.307300    0.549359    0.549258    0.549358
   82.935600    0.549399    0.549298    0.549398
   83.563900    0.549438    0.549337    0.549437
   84.192200    0.549476    0.549375    0.549475
   84.820500    0.549514    0.549413    0.549513
   85.448800    0.549551    0.549450    0.549550
   86.077100    0.549587    0.549487    0.549587
   86.705400    0.549624    0.549523    0.549623
   87.333700    0.549659    0.549558    0.549658
   87.962000    0.549694    0.549593    0.549693
   88.590300    0.549729    0.549628    0.549728
   89.218600    0.549763    0.549662    0.549762
   89.846900    0.549796    0.549695    0.549795
   90.475200    0.549829    0.549728    0.549828
   91.103500    0.549862    0.549761    0.549861
   91.731800    0.549894    0.549793    0.549893
   92.360100    0.549925    0.549825    0.549924
   92.988400    0.549956    0.549856    0.549956
   93.616700    0.549987    0.549886    0.549986
   94.245000    0.550017    0.549917    0.550017
   94.873300    0.550047    0.549946    0.550046
   95.501600    0.550077    0.549976    0.550076
   96.129900    0.550106    0.550005    0.550105
   96.758200    0.550134    0.550034    0.550133
   97.386500    0.550162    0.550062    0.550162
   98.014800    0.550190    0.550090    0.550190
   98.643100    0.550218    0.550117    0.550217
   99.271400    0.550245    0.550144    0.550244
   99.899700    0.550271    0.550171    0.550271
  100.528000    0.550298    0.550197    0.550297
  101.156300    0.550324    0.550223    0.550323
  101.784600    0.550349    0.550249    0.550349
  102.412900    0.550375    0.550274    0.550374
  103.041200    0.550400    0.550299    0.550399
  103.669500    0.550424    0.550324    0.550424
  104.297800    0.550449    0.550348    0.550448
  104.926100    0.550473    0.550372    0.550472
  105.554400    0.550496    0.550396    0.550496
  106.182700    0.550520    0.550419    0.550519
  106.811000    0.550543    0.550442    0.550542
  107.439300    0.550566    0.550465    0.550565
  108.067600    0.550588    0.550487    0.550587
  108.695900    0.550610    0.550510    0.550610
  109.324200    0.550632    0.550532    0.550632
  109.952500    0.550654    0.550553    0.550653
  110.580800    0.550675    0.550575    0.550675
  111.209100    0.550696    0.550596    0.550696
  111.837400    0.550717    0.550617    0.550717
  112.465700    0.550738    0.550637    0.550737
  113.094000    0.550758    0.550658    0.550758
  113.722300    0.550778    0.550678    0.550778
  114.350600    0.550798    0.550697    0.550797
  114.978900    0.550818    0.550717    0.550817
  115.607200    0.550837    0.550736    0.550836
  116.235500    0.550856    0.550756    0.550856
  116.863800    0.550875    0.550774    0.550874
  117.492100    0.550894    0.550793    0.550893
  118.120400    0.550912    0.550812    0.550912
  118.748700    0.550930    0.550830    0.550930
  119.377000    0.550948    0.550848    0.550948
  120.005300    0.550966    0.550866    0.550966
  120.633600    0.550984    0.550883    0.550983
  121.261900    0.551001    0.550901    0.551001
  121.890200    0.551018    0.550918    0.551018
  122.518500    0.551035    0.550935    0.551035
  123.146800    0.551052    0.550952    0.551052
  123.775100    0.551069    0.550968    0.551068
  124.403400    0.551085    0.550985    0.551085
  125.031700    0.551101    0.551001    0.551101
  125.660000    0.551117    0.551017    0.551117
  126.288300    0.551133    0.551033    0.551133
  126.916600    0.551149    0.551048    0.551148
  127.544900    0.551164    0.551064    0.551164
  128.173200    0.551180    0.551079    0.551179
  128.801500    0.551195    0.551094    0.551194
  129.429800    0.551210    0.551109    0.551209
  130.058100    0.551225    0.551124    0.551224
  130.686400    0.551239    0.551139    0.551239
  131.314700    0.551254    0.551153    0.551253
  131.943000    0.551268    0.551168    0.551268
  132.571300    0.551282    0.551182    0.551282
  133.199600    0.551296    0.551196    0.551296
  133.827900    0.551310    0.551210    0.551310
  134.456200    0.551324    0.551224    0.551323
  135.084500    0.551337    0.551237    0.551337
  135.712800    0.551351    0.551251    0.551351
  136.341100    0.551364    0.551264    0.551364
  136.969400    0.551377    0.551277    0.551377
  137.597700    0.551390    0.551290    0.551390
  138.226000    0.551403    0.551303    0.551403
  138.854300    0.551416    0.551316    0.551416
  139.482600    0.551429    0.551328    0.551428
  140.110900    0.551441    0.551341    0.551441
  140.739200    0.551453    0.551353    0.551453
  141.367500    0.551466    0.551365    0.551465
  141.995800    0.551478    0.551377    0.551477
  142.624100    0.551490    0.551389    0.551489
  143.252400    0.551501    0.551401    0.551501
  143.880700    0.551513    0.551413    0.551513
  144.509000    0.551525    0.551424    0.551524
  145.137300    0.551536    0.551436    0.551536
  145.765600    0.551548    0.551447    0.551547
  146.393900    0.551559    0.551458    0.551558
  147.022200    0.551570    0.551470    0.551570
  147.650500    0.551581    0.551481    0.551581
  148.278800    0.551592    0.551492    0.551592
  148.907100    0.551603    0.551502    0.551602
  149.535400    0.551613    0.551513    0.551613
  150.163700    0.551624    0.551524    0.551624
  150.792000    0.551634    0.551534    0.551634
  151.420300    0.551645    0.551544    0.551644
  152.048600    0.551655    0.551555    0.551655
  152.676900    0.551665    0.551565    0.551665
  153.305200    0.551675    0.551575    0.551675
  153.933500    0.551685    0.551585    0.551685
  154.561800    0.551695    0.551595    0.551695
  155.190100    0.551705    0.551605    0.551705
  155.818400    0.551715    0.551614    0.551714
  156.446700    0.551724    0.551624    0.551724
  157.075000    0.551734    0.551634    0.551734
  157.703300    0.551743    0.551643    0.551743
  158.331600    0.551753    0.551652    0.551752
  158.959900    0.551762    0.551662    0.551762
  159.588200    0.551771    0.551671    0.551771
  160.216500    0.551780    0.551680    0.551780
  160.844800    0.551789    0.551689    0.551789
  161.473100    0.551798    0.551698    0.551798
  162.101400    0.551807    0.551706    0.551806
  162.729700    0.551815    0.551715    0.551815
  163.358000    0.551824    0.551724    0.551824
  163.986300    0.551833    0.551732    0.551832
  164.614600    0.551841    0.551741    0.551841
  165.242900    0.551850    0.551749    0.551849
  165.871200    0.551858    0.551758    0.551858
  166.499500    0.551866    0.551766    0.551866
  167.127800    0.551874    0.551774    0.551874
  167.756100    0.551883    0.551782    0.551882
  168.384400    0.551891    0.551790    0.551890
  169.012700    0.551899    0.551798    0.551898
  169.641000    0.551906    0.551806    0.551906
  170.269300    0.551914    0.551814    0.551914
  170.897600    0.551922    0.551822    0.551922
  171.525900    0.551930    0.551829    0.551929
  172.154200    0.551937    0.551837    0.551937
  172.782500    0.551945    0.551845    0.551945
  173.410800    0.551952    0.551852    0.551952
  174.039100    0.551960    0.551860    0.551960
  174.667400    0.551967    0.551867    0.551967
  175.295700    0.551974    0.551874    0.551974
  175.924000    0.551982    0.551881    0.551981
  176.552300    0.551989    0.551889    0.551989
  177.180600    0.551996    0.551896    0.551996
  177.808900    0.552003    0.551903    0.552003
  178.437200    0.552010    0.551910    0.552010
  179.065500    0.552017    0.551917    0.552017
  179.693800    0.552024    0.551923    0.552023
  180.322100    0.552031    0.551930    0.552030
  180.950400    0.552037    0.551937    0.552037
  181.578700    0.552044    0.551944    0.552044
  182.207000    0.552051    0.551950    0.552050
  182.835300    0.552057    0.551957    0.552057
  183.463600    0.552064    0.551963    0.552063
  184.091900    0.552070    0.551970    0.552070
  184.720200    0.552077    0.551976    0.552076
  185.348500    0.552083    0.551983    0.552083
  185.976800    0.552089    0.551989    0.552089
  186.605100    0.552095    0.551995    0.552095
  187.233400    0.552102    0.552001    0.552101
  187.861700    0.552108    0.552008    0.552108
  188.490000    0.552114    0.552014    0.552114
  189.118300    0.552120    0.552020    0.552120
  189.746600    0.552126    0.552026    0.552126
  190.374900    0.552132    0.552032    0.552132
  191.003200    0.552138    0.552038    0.552138
  191.631500    0.552144    0.552043    0.552143
  192.259800    0.552149    0.552049    0.552149
  192.888100    0.552155    0.552055    0.552155
  193.516400    0.552161    0.552061    0.552161
  194.144700    0.552167    0.552066    0.552166
  194.773000    0.552172    0.552072    0.552172
  195.401300    0.552178    0.552078    0.552178
  196.029600    0.552183    0.552083    0.552183
  196.657900    0.552189    0.552089    0.552189
  197.286200    0.552194    0.552094    0.552194
  197.914500    0.552200    0.552099    0.552199
  198.542800    0.552205    0.552105    0.552205
  199.171100    0.552210    0.552110    0.552210
  199.799400    0.552216    0.552115    0.552215
  200.427700    0.552221    0.552121    0.552221
  201.056000    0.552226    0.552126    0.552226
  201.684300    0.552231    0.552131    0.552231
  202.312600    0.552236    0.552136    0.552236
  202.940900    0.552241    0.552141    0.552241
  203.569200    0.552246    0.552146    0.552246
  204.197500    0.552251    0.552151    0.552251
  204.825800    0.552256    0.552156    0.552256
  205.454100    0.552261    0.552161    0.552261
  206.082400    0.552266    0.552166    0.552266
  206.710700    0.552271    0.552171    0.552271
  207.339000    0.552276    0.552175    0.552275
  207.967300    0.552280    0.552180    0.552280
  208.595600    0.552285    0.552185    0.552285
  209.223900    0.552290    0.552190    0.552290
  209.852200    0.552295    0.552194    0.552294
  210.480500    0.552299    0.552199    0.552299
  211.108800    0.552304    0.552204    0.552304
  211.737100    0.552308    0.552208    0.552308
  212.365400    0.552313    0.552213    0.552313
  212.993700    0.552317    0.552217    0.552317
  213.622000    0.552322    0.552222    0.552322
  214.250300    0.552326    0.552226    0.552326
  214.878600    0.552331    0.552230    0.552330
  215.506900    0.552335    0.552235    0.552335
  216.135200    0.552339    0.552239    0.552339
  216.763500    0.552344    0.552243    0.552343
  217.391800    0.552348    0.552248    0.552348
  218.020100    0.552352    0.552252    0.552352
  218.648400    0.552356    0.552256    0.552356
  219.276700    0.552360    0.552260    0.552360
  219.905000    0.552365    0.552264    0.552364
  220.533300    0.552369    0.552268    0.552368
  221.161600    0.552373    0.552273    0.552373
  221.789900    0.552377    0.552277    0.552377
  222.418200    0.552381    0.552281    0.552381
  223.046500    0.552385    0.552285    0.552385
  223.674800    0.552389    0.552289    0.552389
  224.303100    0.552393    0.552292    0.552392
  224.931400    0.552397    0.552296    0.552396
  225.559700    0.552400    0.552300    0.552400
  226.188000    0.552404    0.552304    0.552404
  226.816300    0.552408    0.552308    0.552408
  227.444600    0.552412    0.552312    0.552412
  228.072900    0.552416    0.552315    0.552415
  228.701200    0.552419    0.552319    0.552419
  229.329500    0.552423    0.552323    0.552423
  229.957800    0.552427    0.552327    0.552427
  230.586100    0.552430    0.552330    0.552430
  231.214400    0.552434    0.552334    0.552434
  231.842700    0.552438    0.552338    0.552438
  232.471000    0.552441    0.552341    0.552441
  233.099300    0.552445    0.552345    0.552445
  233.727600    0.552448    0.552348    0.552448
  234.355900    0.552452    0.552352    0.552452
  234.984200    0.552455    0.552355    0.552455
  235.612500    0.552459    0.552359    0.552459
  236.240800    0.552462    0.552362    0.552462
  236.869100    0.552466    0.552366    0.552466
  237.497400    0.552469    0.552369    0.552469
  238.125700    0.552473    0.552372    0.552472
  238.754000    0.552476    0.552376    0.552476
  239.382300    0.552479    0.552379    0.552479
  240.010600    0.552482    0.552382    0.552482
  240.638900    0.552486    0.552386    0.552486
  241.267200    0.552489    0.552389    0.552489
  241.895500    0.552492    0.552392    0.552492
  242.523800    0.552495    0.552395    0.552495
  243.152100    0.552499    0.552399    0.552499
  243.780400    0.552502    0.552402    0.552502
  244.408700    0.552505    0.552405    0.552505
  245.037000    0.552508    0.552408    0.552508
  245.665300    0.552511    0.552411    0.552511
  246.293600    0.552514    0.552414    0.552514
  246.921900    0.552517    0.552417    0.552517
  247.550200    0.552520    0.552420    0.552520
  248.178500    0.552523    0.552423    0.552523
  248.806800    0.552526    0.552426    0.552526
  249.435100    0.552529    0.552429    0.552529
  250.063400    0.552532    0.552432    0.552532
  250.691700    0.552535    0.552435    0.552535
  251.320000    0.552538    0.552438    0.552538
  251.948300    0.552541    0.552441    0.552541
  252.576600    0.552544    0.552444    0.552544
  253.204900    0.552547    0.552447    0.552547
  253.833200    0.552550    0.552450    0.552550
  254.461500    0.552553    0.552453    0.552553
  255.089800    0.552556    0.552455    0.552555
  255.718100    0.552558    0.552458    0.552558
  256.346400    0.552561    0.552461    0.552561
  256.974700    0.552564    0.552464    0.552564
  257.603000    0.552567    0.552466    0.552566
  258.231300    0.552569    0.552469    0.552569
  258.859600    0.552572    0.552472    0.552572
  259.487900    0.552575    0.552475    0.552575
  260.116200    0.552577    0.552477    0.552577
  260.744500    0.552580    0.552480    0.552580
  261.372800    0.552583    0.552483    0.552583
  262.001100    0.552585    0.552485    0.552585
  262.629400    0.552588    0.552488    0.552588
  263.257700    0.552591    0.552490    0.552590
  263.886000    0.552593    0.552493    0.552593
  264.514300    0.552596    0.552496    0.552596
  265.142600    0.552598    0.552498    0.552598
  265.770900    0.552601    0.552501    0.552601
  266.399200    0.552603    0.552503    0.552603
  267.027500    0.552606    0.552506    0.552606
  267.655800    0.552608    0.552508    0.552608
  268.284100    0.552611    0.552511    0.552611
  268.912400    0.552613    0.552513    0.552613
  269.540700    0.552616    0.552516    0.552616
  270.169000    0.552618    0.552518    0.552618
  270.797300    0.552620    0.552520    0.552620
  271.425600    0.552623    0.552523    0.552623
  272.053900    0.552625    0.552525    0.552625
  272.682200    0.552628    0.552528    0.552627
  273.310500    0.552630    0.552530    0.552630
  273.938800    0.552632    0.552532    0.552632
  274.567100    0.552635    0.552535    0.552635
  275.195400    0.552637    0.552537    0.552637
  275.823700    0.552639    0.552539    0.552639
  276.452000    0.552642    0.552541    0.552641
  277.080300    0.552644    0.552544    0.552644
  277.708600    0.552646    0.552546    0.552646
  278.336900    0.552648    0.552548    0.552648
  278.965200    0.552651    0.552550    0.552650
  279.593500    0.552653    0.552553    0.552653
  280.221800    0.552655    0.552555    0.552655
  280.850100    0.552657    0.552557    0.552657
  281.478400    0.552659    0.552559    0.552659
  282.106700    0.552661    0.552561    0.552661
  282.735000    0.552664    0.552563    0.552663
  283.363300    0.552666    0.552566    0.552666
  283.991600    0.552668    0.552568    0.552668
  284.619900    0.552670    0.552570    0.552670
  285.248200    0.552672    0.552572    0.552672
  285.876500    0.552674    0.552574    0.552674
  286.504800    0.552676    0.552576    0.552676
  287.133100    0.552678    0.552578    0.552678
  287.761400    0.552680    0.552580    0.552680
  288.389700    0.552682    0.552582    0.552682
  289.018000    0.552684    0.552584    0.552684
  289.646300    0.552686    0.552586    0.552686
  290.274600    0.552688    0.552588    0.552688
  290.902900    0.552690    0.552590    0.552690
  291.531200    0.552692    0.552592    0.552692
  292.159500    0.552694    0.552594    0.552694
  292.787800    0.552696    0.552596    0.552696
  293.416100    0.552698    0.552598    0.552698
  294.044400    0.552700    0.552600    0.552700
  294.672700    0.552702    0.552602    0.552702
  295.301000    0.552704    0.552604    0.552704
  295.929300    0.552706    0.552606    0.552706
  296.557600    0.552708    0.552608    0.552708
  297.185900    0.552710    0.552610    0.552710
  297.814200    0.552712    0.552612    0.552712
  298.442500    0.552713    0.552613    0.552713
  299.070800    0.552715    0.552615    0.552715
  299.699100    0.552717    0.552617    0.552717
  300.327400    0.552719    0.552619    0.552719
  300.955700    0.552721    0.552621    0.552721
  301.584000    0.552723    0.552623    0.552723
  302.212300    0.552724    0.552624    0.552724
  302.840600    0.552726    0.552626    0.552726
  303.468900    0.552728    0.552628    0.552728
  304.097200    0.552730    0.552630    0.552730
  304.725500    0.552732    0.552631    0.552731
  305.353800    0.552733    0.552633    0.552733
  305.982100    0.552735    0.552635    0.552735
  306.610400    0.552737    0.552637    0.552737
  307.238700    0.552738    0.552638    0.552738
  307.867000    0.552740    0.552640    0.552740
  308.495300    0.552742    0.552642    0.552742
  309.123600    0.552744    0.552643    0.552743
  309.751900    0.552745    0.552645    0.552745
  310.380200    0.552747    0.552647    0.552747
  311.008500    0.552749    0.552649    0.552749
  311.636800    0.552750    0.552650    0.552750
  312.265100    0.552752    0.552652    0.552752
  312.893400    0.552754    0.552653    0.552753
  313.521700    0.552755    0.552655    0.552755
  314.150000    0.552757    0.552657    0.552757
  314.778300    0.552758    0.552658    0.552758
  315.406600    0.552760    0.552660    0.552760
  316.034900    0.552762    0.552662    0.552762
  316.663200    0.552763    0.552663    0.552763
  317.291500    0.552765    0.552665    0.552765
  317.919800    0.552766    0.552666    0.552766
  318.548100    0.552768    0.552668    0.552768
  319.176400    0.552769    0.552669    0.552769
  319.804700    0.552771    0.552671    0.552771
  320.433000    0.552773    0.552672    0.552772
  321.061300    0.552774    0.552674    0.552774
  321.689600    0.552776    0.552676    0.552776
  322.317900    0.552777    0.552677    0.552777
  322.946200    0.552779    0.552679    0.552779
  323.574500    0.552780    0.552680    0.552780
  324.202800    0.552782    0.552682    0.552782
  324.831100    0.552783    0.552683    0.552783
  325.459400    0.552785    0.552684    0.552784
  326.087700    0.552786    0.552686    0.552786
  326.716000    0.552788    0.552687    0.552787
  327.344300    0.552789    0.552689    0.552789
  327.972600    0.552790    0.552690    0.552790
  328.600900    0.552792    0.552692    0.552792
  329.229200    0.552793    0.552693    0.552793
  329.857500    0.552795    0.552695    0.552795
  330.485800    0.552796    0.552696    0.552796
  331.114100    0.552798    0.552697    0.552797
  331.742400    0.552799    0.552699    0.552799
  332.370700    0.552800    0.552700    0.552800
  332.999000    0.552802    0.552702    0.552802
  333.627300    0.552803    0.552703    0.552803
  334.255600    0.552804    0.552704    0.552804
  334.883900    0.552806    0.552706    0.552806
  335.512200    0.552807    0.552707    0.552807
  336.140500    0.552809    0.552708    0.552808
  336.768800    0.552810    0.552710    0.552810
  337.397100    0.552811    0.552711    0.552811
  338.025400    0.552813    0.552712    0.552812
  338.653700    0.552814    0.552714    0.552814
  339.282000    0.552815    0.552715    0.552815
  339.910300    0.552816    0.552716    0.552816
  340.538600    0.552818    0.552718    0.552818
  341.166900    0.552819    0.552719    0.552819
  341.795200    0.552820    0.552720    0.552820
  342.423500    0.552822    0.552722    0.552822
  343.051800    0.552823    0.552723    0.552823
  343.680100    0.552824    0.552724    0.552824
  344.308400    0.552825    0.552725    0.552825
  344.936700    0.552827    0.552727    0.552827
  345.565000    0.552828    0.552728    0.552828
  346.193300    0.552829    0.552729    0.552829
  346.821600    0.552830    0.552730    0.552830
  347.449900    0.552832    0.552732    0.552832
  348.078200    0.552833    0.552733    0.552833
  348.706500    0.552834    0.552734    0.552834
  349.334800    0.552835    0.552735    0.552835
  349.963100    0.552837    0.552736    0.552836
  350.591400    0.552838    0.552738    0.552838
  351.219700    0.552839    0.552739    0.552839
  351.848000    0.552840    0.552740    0.552840
  352.476300    0.552841    0.552741    0.552841
  353.104600    0.552843    0.552742    0.552842
  353.732900    0.552844    0.552744    0.552844
  354.361200    0.552845    0.552745    0.552845
  354.989500    0.552846    0.552746    0.552846
  355.617800    0.552847    0.552747    0.552847
  356.246100    0.552848    0.552748    0.552848
  356.874400    0.552849    0.552749    0.552849
  357.502700    0.552851    0.552751    0.552851
  358.131000    0.552852    0.552752    0.552852
  358.759300    0.552853    0.552753    0.552853
  359.387600    0.552854    0.552754    0.552854
  360.015900    0.552855    0.552755    0.552855
  360.644200    0.552856    0.552756    0.552856
  361.272500    0.552857    0.552757    0.552857
  361.900800    0.552858    0.552758    0.552858
  362.529100    0.552860    0.552759    0.552859
  363.157400    0.552861    0.552761    0.552861
  363.785700    0.552862    0.552762    0.552862
  364.414000    0.552863    0.552763    0.552863
  365.042300    0.552864    0.552764    0.552864
  365.670600    0.552865    0.552765    0.552865
  366.298900    0.552866    0.552766    0.552866
  366.927200    0.552867    0.552767    0.552867
  367.555500    0.552868    0.552768    0.552868
  368.183800    0.552869    0.552769    0.552869
  368.812100    0.552870    0.552770    0.552870
  369.440400    0.552871    0.552771    0.552871
  370.068700    0.552872    0.552772    0.552872
  370.697000    0.552873    0.552773    0.552873
  371.325300    0.552874    0.552774    0.552874
  371.953600    0.552875    0.552775    0.552875
  372.581900    0.552876    0.552776    0.552876
  373.210200    0.552877    0.552777    0.552877
  373.838500    0.552878    0.552778    0.552878
  374.466800    0.552879    0.552779    0.552879
  375.095100    0.552880    0.552780    0.552880
  375.723400    0.552881    0.552781    0.552881
  376.351700    0.552882    0.552782    0.552882
  376.980000    0.552883    0.552783    0.552883
  377.608300    0.552884    0.552784    0.552884
  378.236600    0.552885    0.552785    0.552885
  378.864900    0.552886    0.552786    0.552886
  379.493200    0.552887    0.552787    0.552887
  380.121500    0.552888    0.552788    0.552888
  380.749800    0.552889    0.552789    0.552889
  381.378100    0.552890    0.552790    0.552890
  382.006400    0.552891    0.552791    0.552891
  382.634700    0.552892    0.552792    0.552892
  383.263000    0.552893    0.552793    0.552893
  383.891300    0.552894    0.552794    0.552894
  384.519600    0.552895    0.552795    0.552895
  385.147900    0.552896    0.552796    0.552896
  385.776200    0.552897    0.552797    0.552897
  386.404500    0.552898    0.552798    0.552898
  387.032800    0.552899    0.552799    0.552899
  387.661100    0.552900    0.552799    0.552899
  388.289400    0.552900    0.552800    0.552900
  388.917700    0.552901    0.552801    0.552901
  389.546000    0.552902    0.552802    0.552902
  390.174300    0.552903    0.552803    0.552903
  390.802600    0.552904    0.552804    0.552904
  391.430900    0.552905    0.552805    0.552905
  392.059200    0.552906    0.552806    0.552906
  392.687500    0.552907    0.552807    0.552907
  393.315800    0.552908    0.552808    0.552908
  393.944100    0.552908    0.552808    0.552908
  394.572400    0.552909    0.552809    0.552909
  395.200700    0.552910    0.552810    0.552910
  395.829000    0.552911    0.552811    0.552911
  396.457300    0.552912    0.552812    0.552912
  397.085600    0.552913    0.552813    0.552913
  397.713900    0.552914    0.552814    0.552914
  398.342200    0.552914    0.552814    0.552914
  398.970500    0.552915    0.552815    0.552915
  399.598800    0.552916    0.552816    0.552916
  400.227100    0.552917    0.552817    0.552917
  400.855400    0.552918    0.552818    0.552918
  401.483700    0.552919    0.552819    0.552919
  402.112000    0.552919    0.552819    0.552919
  402.740300    0.552920    0.552820    0.552920
  403.368600    0.552921    0.552821    0.552921
  403.996900    0.552922    0.552822    0.552922
  404.625200    0.552923    0.552823    0.552923
  405.253500    0.552924    0.552823    0.552923
  405.881800    0.552924    0.552824    0.552924
  406.510100    0.552925    0.552825    0.552925
  407.138400    0.552926    0.552826    0.552926
  407.766700    0.552927    0.552827    0.552927
  408.395000    0.552928    0.552827    0.552927
  409.023300    0.552928    0.552828    0.552928
  409.651600    0.552929    0.552829    0.552929
  410.279900    0.552930    0.552830    0.552930
  410.908200    0.552931    0.552831    0.552931
  411.536500    0.552931    0.552831    0.552931
  412.164800    0.552932    0.552832    0.552932
  412.793100    0.552933    0.552833    0.552933
  413.421400    0.552934    0.552834    0.552934
  414.049700    0.552934    0.552834    0.552934
  414.678000    0.552935    0.552835    0.552935
  415.306300    0.552936    0.552836    0.552936
  415.934600    0.552937    0.552837    0.552937
  416.562900    0.552938    0.552837    0.552937
  417.191200    0.552938    0.552838    0.552938
  417.819500    0.552939    0.552839    0.552939
  418.447800    0.552940    0.552840    0.552940
  419.076100    0.552940    0.552840    0.552940
  419.704400    0.552941    0.552841    0.552941
  420.332700    0.552942    0.552842    0.552942
  420.961000    0.552943    0.552843    0.552943
  421.589300    0.552943    0.552843    0.552943
  422.217600    0.552944    0.552844    0.552944
  422.845900    0.552945    0.552845    0.552945
  423.474200    0.552946    0.552845    0.552945
  424.102500    0.552946    0.552846    0.552946
  424.730800    0.552947    0.552847    0.552947
  425.359100    0.552948    0.552848    0.552948
  425.987400    0.552948    0.552848    0.552948
  426.615700    0.552949    0.552849    0.552949
  427.244000    0.552950    0.552850    0.552950
  427.872300    0.552950    0.552850    0.552950
  428.500600    0.552951    0.552851    0.552951
  429.128900    0.552952    0.552852    0.552952
  429.757200    0.552953    0.552852    0.552952
  430.385500    0.552953    0.552853    0.552953
  431.013800    0.552954    0.552854    0.552954
  431.642100    0.552955    0.552854    0.552954
  432.270400    0.552955    0.552855    0.552955
  432.898700    0.552956    0.552856    0.552956
  433.527000    0.552957    0.552857    0.552957
  434.155300    0.552957    0.552857    0.552957
  434.783600    0.552958    0.552858    0.552958
  435.411900    0.552959    0.552858    0.552958
  436.040200    0.552959    0.552859    0.552959
  436.668500    0.552960    0.552860    0.552960
  437.296800    0.552961    0.552860    0.552960
  437.925100    0.552961    0.552861    0.552961
  438.553400    0.552962    0.552862    0.552962
  439.181700    0.552962    0.552862    0.552962
  439.810000    0.552963    0.552863    0.552963
  440.438300    0.552964    0.552864    0.552964
  441.066600    0.552964    0.552864    0.552964
  441.694900    0.552965    0.552865    0.552965
  442.323200    0.552966    0.552866    0.552966
  442.951500    0.552966    0.552866    0.552966
  443.579800    0.552967    0.552867    0.552967
  444.208100    0.552968    0.552867    0.552967
  444.836400    0.552968    0.552868    0.552968
  445.464700    0.552969    0.552869    0.552969
  446.093000    0.552969    0.552869    0.552969
  446.721300    0.552970    0.552870    0.552970
  447.349600    0.552971    0.552871    0.552971
  447.977900    0.552971    0.552871    0.552971
  448.606200    0.552972    0.552872    0.552972
  449.234500    0.552972    0.552872    0.552972
  449.862800    0.552973    0.552873    0.552973
  450.491100    0.552974    0.552874    0.552974
  451.119400    0.552974    0.552874    0.552974
  451.747700    0.552975    0.552875    0.552975
  452.376000    0.552975    0.552875    0.552975
  453.004300    0.552976    0.552876    0.552976
  453.632600    0.552977    0.552877    0.552977
  454.260900    0.552977    0.552877    0.552977
  454.889200    0.552978    0.552878    0.552978
  455.517500    0.552978    0.552878    0.552978
  456.145800    0.552979    0.552879    0.552979
  456.774100    0.552980    0.552879    0.552979
  457.402400    0.552980    0.552880    0.552980
  458.030700    0.552981    0.552881    0.552981
  458.659000    0.552981    0.552881    0.552981
  459.287300    0.552982    0.552882    0.552982
  459.915600    0.552982    0.552882    0.552982
  460.543900    0.552983    0.552883    0.552983
  461.172200    0.552983    0.552883    0.552983
  461.800500    0.552984    0.552884    0.552984
  462.428800    0.552985    0.552885    0.552985
  463.057100    0.552985    0.552885    0.552985
  463.685400    0.552986    0.552886    0.552986
  464.313700    0.552986    0.552886    0.552986
  464.942000    0.552987    0.552887    0.552987
  465.570300    0.552987    0.552887    0.552987
  466.198600    0.552988    0.552888    0.552988
  466.826900    0.552988    0.552888    0.552988
  467.455200    0.552989    0.552889    0.552989
  468.083500    0.552990    0.552889    0.552989
  468.711800    0.552990    0.552890    0.552990
  469.340100    0.552991    0.552891    0.552991
  469.968400    0.552991    0.552891    0.552991
  470.596700    0.552992    0.552892    0.552992
  471.225000    0.552992    0.552892    0.552992
  471.853300    0.552993    0.552893    0.552993
  472.481600    0.552993    0.552893    0.552993
  473.109900    0.552994    0.552894    0.552994
  473.738200    0.552994    0.552894    0.552994
  474.366500    0.552995    0.552895    0.552995
  474.994800    0.552995    0.552895    0.552995
  475.623100    0.552996    0.552896    0.552996
  476.251400    0.552996    0.552896    0.552996
  476.879700    0.552997    0.552897    0.552997
  477.508000    0.552997    0.552897    0.552997
  478.136300    0.552998    0.552898    0.552998
  478.764600    0.552998    0.552898    0.552998
  479.392900    0.552999    0.552899    0.552999
  480.021200    0.552999    0.552899    0.552999
  480.649500    0.553000    0.552900    0.553000
  481.277800    0.553000    0.552900    0.553000
  481.906100    0.553001    0.552901    0.553001
  482.534400    0.553001    0.552901    0.553001
  483.162700    0.553002    0.552902    0.553002
  483.791000    0.553002    0.552902    0.553002
  484.419300    0.553003    0.552903    0.553003
  485.047600    0.553003    0.552903    0.553003
  485.675900    0.553004    0.552904    0.553004
  486.304200    0.553004    0.552904    0.553004
  486.932500    0.553005    0.552905    0.553005
  487.560800    0.553005    0.552905    0.553005
  488.189100    0.553006    0.552906    0.553006
  488.817400    0.553006    0.552906    0.553006
  489.445700    0.553007    0.552907    0.553007
  490.074000    0.553007    0.552907    0.553007
  490.702300    0.553008    0.552908    0.553008
  491.330600    0.553008    0.552908    0.553008
  491.958900    0.553009    0.552909    0.553009
  492.587200    0.553009    0.552909    0.553009
  493.215500    0.553010    0.552909    0.553009
  493.843800    0.553010    0.552910    0.553010
  494.472100    0.553010    0.552910    0.553010
  495.100400    0.553011    0.552911    0.553011
  495.728700    0.553011    0.552911    0.553011
  496.357000    0.553012    0.552912    0.553012
  496.985300    0.553012    0.552912    0.553012
  497.613600    0.553013    0.552913    0.553013
  498.241900    0.553013    0.552913    0.553013
  498.870200    0.553014    0.552914    0.553014
  499.498500    0.553014    0.552914    0.553014
  500.126800    0.553015    0.552914    0.553014
  500.755100    0.553015    0.552915    0.553015
  501.383400    0.553015    0.552915    0.553015
  502.011700    0.553016    0.552916    0.553016
  502.640000    0.553016    0.552916    0.553016
  503.268300    0.553017    0.552917    0.553017
  503.896600    0.553017    0.552917    0.553017
  504.524900    0.553018    0.552918    0.553018
  505.153200    0.553018    0.552918    0.553018
  505.781500    0.553018    0.552918    0.553018
  506.409800    0.553019    0.552919    0.553019
  507.038100    0.553019    0.552919    0.553019
  507.666400    0.553020    0.552920    0.553020
  508.294700    0.553020    0.552920    0.553020
  508.923000    0.553021    0.552921    0.553021
  509.551300    0.553021    0.552921    0.553021
  510.179600    0.553021    0.552921    0.553021
  510.807900    0.553022    0.552922    0.553022
  511.436200    0.553022    0.552922    0.553022
  512.064500    0.553023    0.552923    0.553023
  512.692800    0.553023    0.552923    0.553023
  513.321100    0.553024    0.552924    0.553024
  513.949400    0.553024    0.552924    0.553024
  514.577700    0.553024    0.552924    0.553024
  515.206000    0.553025    0.552925    0.553025
  515.834300    0.553025    0.552925    0.553025
  516.462600    0.553026    0.552926    0.553026
  517.090900    0.553026    0.552926    0.553026
  517.719200    0.553026    0.552926    0.553026
  518.347500    0.553027    0.552927    0.553027
  518.975800    0.553027    0.552927    0.553027
  519.604100    0.553028    0.552928    0.553028
  520.232400    0.553028    0.552928    0.553028
  520.860700    0.553028    0.552928    0.553028
  521.489000    0.553029    0.552929    0.553029
  522.117300    0.553029    0.552929    0.553029
  522.745600    0.553030    0.552930    0.553030
  523.373900    0.553030    0.552930    0.553030
  524.002200    0.553030    0.552930    0.553030
  524.630500    0.553031    0.552931    0.553031
  525.258800    0.553031    0.552931    0.553031
  525.887100    0.553032    0.552932    0.553032
  526.515400    0.553032    0.552932    0.553032
  527.143700    0.553032    0.552932    0.553032
  527.772000    0.553033    0.552933    0.553033
  528.400300    0.553033    0.552933    0.553033
  529.028600    0.553033    0.552933    0.553033
  529.656900    0.553034    0.552934    0.553034
  530.285200    0.553034    0.552934    0.553034
  530.913500    0.553035    0.552935    0.553035
  531.541800    0.553035    0.552935    0.553035
  532.170100    0.553035    0.552935    0.553035
  532.798400    0.553036    0.552936    0.553036
  533.426700    0.553036    0.552936    0.553036
  534.055000    0.553036    0.552936    0.553036
  534.683300    0.553037    0.552937    0.553037
  535.311600    0.553037    0.552937    0.553037
  535.939900    0.553038    0.552938    0.553038
  536.568200    0.553038    0.552938    0.553038
  537.196500    0.553038    0.552938    0.553038
  537.824800    0.553039    0.552939    0.553039
  538.453100    0.553039    0.552939    0.553039
  539.081400    0.553039    0.552939    0.553039
  539.709700    0.553040    0.552940    0.553040
  540.338000    0.553040    0.552940    0.553040
  540.966300    0.553040    0.552940    0.553040
  541.594600    0.553041    0.552941    0.553041
  542.222900    0.553041    0.552941    0.553041
  542.851200    0.553042    0.552942    0.553041
  543.479500    0.553042    0.552942    0.553042
  544.107800    0.553042    0.552942    0.553042
  544.736100    0.553043    0.552943    0.553043
  545.364400    0.553043    0.552943    0.553043
  545.992700    0.553043    0.552943    0.553043
  546.621000    0.553044    0.552944    0.553044
  547.249300    0.553044    0.552944    0.553044
  547.877600    0.553044    0.552944    0.553044
  548.505900    0.553045    0.552945    0.553045
  549.134200    0.553045    0.552945    0.553045
  549.762500    0.553045    0.552945    0.553045
  550.390800    0.553046    0.552946    0.553046
  551.019100    0.553046    0.552946    0.553046
  551.647400    0.553046    0.552946    0.553046
  552.275700    0.553047    0.552947    0.553047
  552.904000    0.553047    0.552947    0.553047
  553.532300    0.553047    0.552947    0.553047
  554.160600    0.553048    0.552948    0.553048
  554.788900    0.553048    0.552948    0.553048
  555.417200    0.553048    0.552948    0.553048
  556.045500    0.553049    0.552949    0.553049
  556.673800    0.553049    0.552949    0.553049
  557.302100    0.553049    0.552949    0.553049
  557.930400    0.553050    0.552950    0.553050
  558.558700    0.553050    0.552950    0.553050
  559.187000    0.553050    0.552950    0.553050
  559.815300    0.553051    0.552951    0.553051
  560.443600    0.553051    0.552951    0.553051
  561.071900    0.553051    0.552951    0.553051
  561.700200    0.553052    0.552952    0.553052
  562.328500    0.553052    0.552952    0.553052
  562.956800    0.553052    0.552952    0.553052
  563.585100    0.553053    0.552953    0.553053
  564.213400    0.553053    0.552953    0.553053
  564.841700    0.553053    0.552953    0.553053
  565.470000    0.553054    0.552953    0.553053
  566.098300    0.553054    0.552954    0.553054
  566.726600    0.553054    0.552954    0.553054
  567.354900    0.553054    0.552954    0.553054
  567.983200    0.553055    0.552955    0.553055
  568.611500    0.553055    0.552955    0.553055
  569.239800    0.553055    0.552955    0.553055
  569.868100    0.553056    0.552956    0.553056
  570.496400    0.553056    0.552956    0.553056
  571.124700    0.553056    0.552956    0.553056
  571.753000    0.553057    0.552957    0.553057
  572.381300    0.553057    0.552957    0.553057
  573.009600    0.553057    0.552957    0.553057
  573.637900    0.553058    0.552957    0.553057
  574.266200    0.553058    0.552958    0.553058
  574.894500    0.553058    0.552958    0.553058
  575.522800    0.553058    0.552958    0.553058
  576.151100    0.553059    0.552959    0.553059
  576.779400    0.553059    0.552959    0.553059
  577.407700    0.553059    0.552959    0.553059
  578.036000    0.553060    0.552960    0.553060
  578.664300    0.553060    0.552960    0.553060
  579.292600    0.553060    0.552960    0.553060
  579.920900    0.553060    0.552960    0.553060
  580.549200    0.553061    0.552961    0.553061
  581.177500    0.553061    0.552961    0.553061
  581.805800    0.553061    0.552961    0.553061
  582.434100    0.553062    0.552962    0.553062
  583.062400    0.553062    0.552962    0.553062
  583.690700    0.553062    0.552962    0.553062
  584.319000    0.553063    0.552962    0.553062
  584.947300    0.553063    0.552963    0.553063
  585.575600    0.553063    0.552963    0.553063
  586.203900    0.553063    0.552963    0.553063
  586.832200    0.553064    0.552964    0.553064
  587.460500    0.553064    0.552964    0.553064
  588.088800    0.553064    0.552964    0.553064
  588.717100    0.553064    0.552964    0.553064
  589.345400    0.553065    0.552965    0.553065
  589.973700    0.553065    0.552965    0.553065
  590.602000    0.553065    0.552965    0.553065
  591.230300    0.553066    0.552966    0.553066
  591.858600    0.553066    0.552966    0.553066
  592.486900    0.553066    0.552966    0.553066
  593.115200    0.553066    0.552966    0.553066
  593.743500    0.553067    0.552967    0.553067
  594.371800    0.553067    0.552967    0.553067
  595.000100    0.553067    0.552967    0.553067
  595.628400    0.553068    0.552967    0.553067
  596.256700    0.553068    0.552968    0.553068
  596.885000    0.553068    0.552968    0.553068
  597.513300    0.553068    0.552968    0.553068
  598.141600    0.553069    0.552969    0.553069
  598.769900    0.553069    0.552969    0.553069
  599.398200    0.553069    0.552969    0.553069
  600.026500    0.553069    0.552969    0.553069
  600.654800    0.553070    0.552970    0.553070
  601.283100    0.553070    0.552970    0.553070
  601.911400    0.553070    0.552970    0.553070
  602.539700    0.553070    0.552970    0.553070
  603.168000    0.553071    0.552971    0.553071
  603.796300    0.553071    0.552971    0.553071
  604.424600    0.553071    0.552971    0.553071
  605.052900    0.553071    0.552971    0.553071
  605.681200    0.553072    0.552972    0.553072
  606.309500    0.553072    0.552972    0.553072
  606.937800    0.553072    0.552972    0.553072
  607.566100    0.553073    0.552972    0.553072
  608.194400    0.553073    0.552973    0.553073
  608.822700    0.553073    0.552973    0.553073
  609.451000    0.553073    0.552973    0.553073
  610.079300    0.553074    0.552974    0.553074
  610.707600    0.553074    0.552974    0.553074
  611.335900    0.553074    0.552974    0.553074
  611.964200    0.553074    0.552974    0.553074
  612.592500    0.553075    0.552975    0.553075
  613.220800    0.553075    0.552975    0.553075
  613.849100    0.553075    0.552975    0.553075
  614.477400    0.553075    0.552975    0.553075
  615.105700    0.553076    0.552976    0.553076
  615.734000    0.553076    0.552976    0.553076
  616.362300    0.553076    0.552976    0.553076
  616.990600    0.553076    0.552976    0.553076
  617.618900    0.553077    0.552976    0.553076
  618.247200    0.553077    0.552977    0.553077
  618.875500    0.553077    0.552977    0.553077
  619.503800    0.553077    0.552977    0.553077
  620.132100    0.553077    0.552977    0.553077
  620.760400    0.553078    0.552978    0.553078
  621.388700    0.553078    0.552978    0.553078
  622.017000    0.553078    0.552978    0.553078
  622.645300    0.553078    0.552978    0.553078
  623.273600    0.553079    0.552979    0.553079
  623.901900    0.553079    0.552979    0.553079
  624.530200    0.553079    0.552979    0.553079
  625.158500    0.553079    0.552979    0.553079
  625.786800    0.553080    0.552980    0.553080
  626.415100    0.553080    0.552980    0.553080
  627.043400    0.553080    0.552980    0.553080
  627.671700    0.553080    0.552980    0.553080
  628.300000    0.553081    0.552981    0.553081
  628.928300    0.553081    0.552981    0.553081
  629.556600    0.553081    0.552981    0.553081
  630.184900    0.553081    0.552981    0.553081
  630.813200    0.553081    0.552981    0.553081
  631.441500    0.553082    0.552982    0.553082
  632.069800    0.553082    0.552982    0.553082
  632.698100    0.553082    0.552982    0.553082
  633.326400    0.553082    0.552982    0.553082
  633.954700    0.553083    0.552983    0.553083
  634.583000    0.553083    0.552983    0.553083
  635.211300    0.553083    0.552983    0.553083
  635.839600    0.553083    0.552983    0.553083
  636.467900    0.553084    0.552983    0.553083
  637.096200    0.553084    0.552984    0.553084
  637.724500    0.553084    0.552984    0.553084
  638.352800    0.553084    0.552984    0.553084
  638.981100    0.553084    0.552984    0.553084
  639.609400    0.553085    0.552985    0.553085
  640.237700    0.553085    0.552985    0.553085
  640.866000    0.553085    0.552985    0.553085
  641.494300    0.553085    0.552985    0.553085
  642.122600    0.553086    0.552985    0.553085
  642.750900    0.553086    0.552986    0.553086
  643.379200    0.553086    0.552986    0.553086
  644.007500    0.553086    0.552986    0.553086
  644.635800    0.553086    0.552986    0.553086
  645.264100    0.553087    0.552987    0.553087
  645.892400    0.553087    0.552987    0.553087
  646.520700    0.553087    0.552987    0.553087
  647.149000    0.553087    0.552987    0.553087
  647.777300    0.553087    0.552987    0.553087
  648.405600    0.553088    0.552988    0.553088
  649.033900    0.553088    0.552988    0.553088
  649.662200    0.553088    0.552988    0.553088
  650.290500    0.553088    0.552988    0.553088
  650.918800    0.553088    0.552988    0.553088
  651.547100    0.553089    0.552989    0.553089
  652.175400    0.553089    0.552989    0.553089
  652.803700    0.553089    0.552989    0.553089
  653.432000    0.553089    0.552989    0.553089
  654.060300    0.553090    0.552990    0.553090
  654.688600    0.553090    0.552990    0.553090
  655.316900    0.553090    0.552990    0.553090
  655.945200    0.553090    0.552990    0.553090
  656.573500    0.553090    0.552990    0.553090
  657.201800    0.553091    0.552991    0.553091
  657.830100    0.553091    0.552991    0.553091
  658.458400    0.553091    0.552991    0.553091
  659.086700    0.553091    0.552991    0.553091
  659.715000    0.553091    0.552991    0.553091
  660.343300    0.553092    0.552992    0.553092
  660.971600    0.553092    0.552992    0.553092
  661.599900    0.553092    0.552992    0.553092
  662.228200    0.553092    0.552992    0.553092
  662.856500    0.553092    0.552992    0.553092
  663.484800    0.553093    0.552993    0.553093
  664.113100    0.553093    0.552993    0.553093
  664.741400    0.553093    0.552993    0.553093
  665.369700    0.553093    0.552993    0.553093
  665.998000    0.553093    0.552993    0.553093
  666.626300    0.553094    0.552994    0.553094
  667.254600    0.553094    0.552994    0.553094
  667.882900    0.553094    0.552994    0.553094
  668.511200    0.553094    0.552994    0.553094
  669.139500    0.553094    0.552994    0.553094
  669.767800    0.553095    0.552994    0.553094
  670.396100    0.553095    0.552995    0.553095
  671.024400    0.553095    0.552995    0.553095
  671.652700    0.553095    0.552995    0.553095
  672.281000    0.553095    0.552995    0.553095
  672.909300    0.553095    0.552995    0.553095
  673.537600    0.553096    0.552996    0.553096
  674.165900    0.553096    0.552996    0.553096
  674.794200    0.553096    0.552996    0.553096
  675.422500    0.553096    0.552996    0.553096
  676.050800    0.553096    0.552996    0.553096
  676.679100    0.553097    0.552997    0.553097
  677.307400    0.553097    0.552997    0.553097
  677.935700    0.553097    0.552997    0.553097
  678.564000    0.553097    0.552997    0.553097
  679.192300    0.553097    0.552997    0.553097
  679.820600    0.553098    0.552998    0.553098
  680.448900    0.553098    0.552998    0.553098
  681.077200    0.553098    0.552998    0.553098
  681.705500    0.553098    0.552998    0.553098
  682.333800    0.553098    0.552998    0.553098
  682.962100    0.553098    0.552998    0.553098
  683.590400    0.553099    0.552999    0.553099
  684.218700    0.553099    0.552999    0.553099
  684.847000    0.553099    0.552999    0.553099
  685.475300    0.553099    0.552999    0.553099
  686.103600    0.553099    0.552999    0.553099
  686.731900    0.553100    0.553000    0.553100
  687.360200    0.553100    0.553000    0.553100
  687.988500    0.553100    0.553000    0.553100
  688.616800    0.553100    0.553000    0.553100
  689.245100    0.553100    0.553000    0.553100
  689.873400    0.553100    0.553000    0.553100
  690.501700    0.553101    0.553001    0.553101
  691.130000    0.553101    0.553001    0.553101
  691.758300    0.553101    0.553001    0.553101
  692.386600    0.553101    0.553001    0.553101
  693.014900    0.553101    0.553001    0.553101
  693.643200    0.553101    0.553001    0.553101
  694.271500    0.553102    0.553002    0.553102
  694.899800    0.553102    0.553002    0.553102
  695.528100    0.553102    0.553002    0.553102
  696.156400    0.553102    0.553002    0.553102
  696.784700    0.553102    0.553002    0.553102
  697.413000    0.553103    0.553002    0.553102
  698.041300    0.553103    0.553003    0.553103
  698.669600    0.553103    0.553003    0.553103
  699.297900    0.553103    0.553003    0.553103
  699.926200    0.553103    0.553003    0.553103
  700.554500    0.553103    0.553003    0.553103
  701.182800    0.553104    0.553004    0.553104
  701.811100    0.553104    0.553004    0.553104
  702.439400    0.553104    0.553004    0.553104
  703.067700    0.553104    0.553004    0.553104
  703.696000    0.553104    0.553004    0.553104
  704.324300    0.553104    0.553004    0.553104
  704.952600    0.553105    0.553005    0.553105
  705.580900    0.553105    0.553005    0.553105
  706.209200    0.553105    0.553005    0.553105
  706.837500    0.553105    0.553005    0.553105
  707.465800    0.553105    0.553005    0.553105
  708.094100    0.553105    0.553005    0.553105
  708.722400    0.553106    0.553006    0.553106
  709.350700    0.553106    0.553006    0.553106
  709.979000    0.553106    0.553006    0.553106
  710.607300    0.553106    0.553006    0.553106
  711.235600    0.553106    0.553006    0.553106
  711.863900    0.553106    0.553006    0.553106
  712.492200    0.553107    0.553006    0.553106
  713.120500    0.553107    0.553007    0.553107
  713.748800    0.553107    0.553007    0.553107
  714.377100    0.553107    0.553007    0.553107
  715.005400    0.553107    0.553007    0.553107
  715.633700    0.553107    0.553007    0.553107
  716.262000    0.553107    0.553007    0.553107
  716.890300    0.553108    0.553008    0.553108
  717.518600    0.553108    0.553008    0.553108
  718.146900    0.553108    0.553008    0.553108
  718.775200    0.553108    0.553008    0.553108
  719.403500    0.553108    0.553008    0.553108
  720.031800    0.553108    0.553008    0.553108
  720.660100    0.553109    0.553009    0.553109
  721.288400    0.553109    0.553009    0.553109
  721.916700    0.553109    0.553009    0.553109
  722.545000    0.553109    0.553009    0.553109
  723.173300    0.553109    0.553009    0.553109
  723.801600    0.553109    0.553009    0.553109
  724.429900    0.553109    0.553009    0.553109
  725.058200    0.553110    0.553010    0.553110
  725.686500    0.553110    0.553010    0.553110
  726.314800    0.553110    0.553010    0.553110
  726.943100    0.553110    0.553010    0.553110
  727.571400    0.553110    0.553010    0.553110
  728.199700    0.553110    0.553010    0.553110
  728.828000    0.553111    0.553011    0.553111
  729.456300    0.553111    0.553011    0.553111
  730.084600    0.553111    0.553011    0.553111
  730.712900    0.553111    0.553011    0.553111
  731.341200    0.553111    0.553011    0.553111
  731.969500    0.553111    0.553011    0.553111
  732.597800    0.553111    0.553011    0.553111
  733.226100    0.553112    0.553012    0.553112
  733.854400    0.553112    0.553012    0.553112
  734.482700    0.553112    0.553012    0.553112
  735.111000    0.553112    0.553012    0.553112
  735.739300    0.553112    0.553012    0.553112
  736.367600    0.553112    0.553012    0.553112
  736.995900    0.553112    0.553012    0.553112
  737.624200    0.553113    0.553013    0.553113
  738.252500    0.553113    0.553013    0.553113
  738.880800    0.553113    0.553013    0.553113
  739.509100    0.553113    0.553013    0.553113
  740.137400    0.553113    0.553013    0.553113
  740.765700    0.553113    0.553013    0.553113
  741.394000    0.553114    0.553013    0.553113
  742.022300    0.553114    0.553014    0.553114
  742.650600    0.553114    0.553014    0.553114
  743.278900    0.553114    0.553014    0.553114
  743.907200    0.553114    0.553014    0.553114
  744.535500    0.553114    0.553014    0.553114
  745.163800    0.553114    0.553014    0.553114
  745.792100    0.553114    0.553014    0.553114
  746.420400    0.553115    0.553015    0.553115
  747.048700    0.553115    0.553015    0.553115
  747.677000    0.553115    0.553015    0.553115
  748.305300    0.553115    0.553015    0.553115
  748.933600    0.553115    0.553015    0.553115
  749.561900    0.553115    0.553015    0.553115
  750.190200    0.553115    0.553015    0.553115
  750.818500    0.553116    0.553016    0.553116
  751.446800    0.553116    0.553016    0.553116
  752.075100    0.553116    0.553016    0.553116
  752.703400    0.553116    0.553016    0.553116
  753.331700    0.553116    0.553016    0.553116
  753.960000    0.553116    0.553016    0.553116
  754.588300    0.553116    0.553016    0.553116
  755.216600    0.553117    0.553017    0.553117
  755.844900    0.553117    0.553017    0.553117
  756.473200    0.553117    0.553017    0.553117
  757.101500    0.553117    0.553017    0.553117
  757.729800    0.553117    0.553017    0.553117
  758.358100    0.553117    0.553017    0.553117
  758.986400    0.553117    0.553017    0.553117
  759.614700    0.553118    0.553018    0.553118
  760.243000    0.553118    0.553018    0.553118
  760.871300    0.553118    0.553018    0.553118
  761.499600    0.553118    0.553018    0.553118
  762.127900    0.553118    0.553018    0.553118
  762.756200    0.553118    0.553018    0.553118
  763.384500    0.553118    0.553018    0.553118
  764.012800    0.553118    0.553018    0.553118
  764.641100    0.553119    0.553019    0.553119
  765.269400    0.553119    0.553019    0.553119
  765.897700    0.553119    0.553019    0.553119
  766.526000    0.553119    0.553019    0.553119
  767.154300    0.553119    0.553019    0.553119
  767.782600    0.553119    0.553019    0.553119
  768.410900    0.553119    0.553019    0.553119
  769.039200    0.553119    0.553019    0.553119
  769.667500    0.553120    0.553020    0.553120
  770.295800    0.553120    0.553020    0.553120
  770.924100    0.553120    0.553020    0.553120
  771.552400    0.553120    0.553020    0.553120
  772.180700    0.553120    0.553020    0.553120
  772.809000    0.553120    0.553020    0.553120
  773.437300    0.553120    0.553020    0.553120
  774.065600    0.553121    0.553020    0.553120
  774.693900    0.553121    0.553021    0.553121
  775.322200    0.553121    0.553021    0.553121
  775.950500    0.553121    0.553021    0.553121
  776.578800    0.553121    0.553021    0.553121
  777.207100    0.553121    0.553021    0.553121
  777.835400    0.553121    0.553021    0.553121
  778.463700    0.553121    0.553021    0.553121
  779.092000    0.553122    0.553021    0.553121
  779.720300    0.553122    0.553022    0.553122
  780.348600    0.553122    0.553022    0.553122
  780.976900    0.553122    0.553022    0.553122
  781.605200    0.553122    0.553022    0.553122
  782.233500    0.553122    0.553022    0.553122
  782.861800    0.553122    0.553022    0.553122
  783.490100    0.553122    0.553022    0.553122
  784.118400    0.553122    0.553022    0.553122
  784.746700    0.553123    0.553023    0.553123
  785.375000    0.553123    0.553023    0.553123
  786.003300    0.553123    0.553023    0.553123
  786.631600    0.553123    0.553023    0.553123
  787.259900    0.553123    0.553023    0.553123
  787.888200    0.553123    0.553023    0.553123
  788.516500    0.553123    0.553023    0.553123
  789.144800    0.553123    0.553023    0.553123
  789.773100    0.553124    0.553024    0.553124
  790.401400    0.553124    0.553024    0.553124
  791.029700    0.553124    0.553024    0.553124
  791.658000    0.553124    0.553024    0.553124
  792.286300    0.553124    0.553024    0.553124
  792.914600    0.553124    0.553024    0.553124
  793.542900    0.553124    0.553024    0.553124
  794.171200    0.553124    0.553024    0.553124
  794.799500    0.553125    0.553025    0.553125
  795.427800    0.553125    0.553025    0.553125
  796.056100    0.553125    0.553025    0.553125
  796.684400    0.553125    0.553025    0.553125
  797.312700    0.553125    0.553025    0.553125
  797.941000    0.553125    0.553025    0.553125
  798.569300    0.553125    0.553025    0.553125
  799.197600    0.553125    0.553025    0.553125
  799.825900    0.553125    0.553025    0.553125
  800.454200    0.553126    0.553026    0.553126
  801.082500    0.553126    0.553026    0.553126
  801.710800    0.553126    0.553026    0.553126
  802.339100    0.553126    0.553026    0.553126
  802.967400    0.553126    0.553026    0.553126
  803.595700    0.553126    0.553026    0.553126
  804.224000    0.553126    0.553026    0.553126
  804.852300    0.553126    0.553026    0.553126
  805.480600    0.553126    0.553026    0.553126
  806.108900    0.553127    0.553027    0.553127
  806.737200    0.553127    0.553027    0.553127
  807.365500    0.553127    0.553027    0.553127
  807.993800    0.553127    0.553027    0.553127
  808.622100    0.553127    0.553027    0.553127
  809.250400    0.553127    0.553027    0.553127
  809.878700    0.553127    0.553027    0.553127
  810.507000    0.553127    0.553027    0.553127
  811.135300    0.553127    0.553027    0.553127
  811.763600    0.553128    0.553028    0.553128
  812.391900    0.553128    0.553028    0.553128
  813.020200    0.553128    0.553028    0.553128
  813.648500    0.553128    0.553028    0.553128
  814.276800    0.553128    0.553028    0.553128
  814.905100    0.553128    0.553028    0.553128
  815.533400    0.553128    0.553028    0.553128
  816.161700    0.553128    0.553028    0.553128
  816.790000    0.553128    0.553028    0.553128
  817.418300    0.553129    0.553029    0.553129
  818.046600    0.553129    0.553029    0.553129
  818.674900    0.553129    0.553029    0.553129
  819.303200    0.553129    0.553029    0.553129
  819.931500    0.553129    0.553029    0.553129
  820.559800    0.553129    0.553029    0.553129
  821.188100    0.553129    0.553029    0.553129
  821.816400    0.553129    0.553029    0.553129
  822.444700    0.553129    0.553029    0.553129
  823.073000    0.553130    0.553030    0.553130
  823.701300    0.553130    0.553030    0.553130
  824.329600    0.553130    0.553030    0.553130
  824.957900    0.553130    0.553030    0.553130
  825.586200    0.553130    0.553030    0.553130
  826.214500    0.553130    0.553030    0.553130
  826.842800    0.553130    0.553030    0.553130
  827.471100    0.553130    0.553030    0.553130
  828.099400    0.553130    0.553030    0.553130
  828.727700    0.553130    0.553030    0.553130
  829.356000    0.553131    0.553031    0.553131
  829.984300    0.553131    0.553031    0.553131
  830.612600    0.553131    0.553031    0.553131
  831.240900    0.553131    0.553031    0.553131
  831.869200    0.553131    0.553031    0.553131
  832.497500    0.553131    0.553031    0.553131
  833.125800    0.553131    0.553031    0.553131
  833.754100    0.553131    0.553031    0.553131
  834.382400    0.553131    0.553031    0.553131
  835.010700    0.553131    0.553031    0.553131
  835.639000    0.553132    0.553032    0.553132
  836.267300    0.553132    0.553032    0.553132
  836.895600    0.553132    0.553032    0.553132
  837.523900    0.553132    0.553032    0.553132
  838.152200    0.553132    0.553032    0.553132
  838.780500    0.553132    0.553032    0.553132
  839.408800    0.553132    0.553032    0.553132
  840.037100    0.553132    0.553032    0.553132
  840.665400    0.553132    0.553032    0.553132
  841.293700    0.553132    0.553032    0.553132
  841.922000    0.553133    0.553033    0.553133
  842.550300    0.553133    0.553033    0.553133
  843.178600    0.553133    0.553033    0.553133
  843.806900    0.553133    0.553033    0.553133
  844.435200    0.553133    0.553033    0.553133
  845.063500    0.553133    0.553033    0.553133
  845.691800    0.553133    0.553033    0.553133
  846.320100    0.553133    0.553033    0.553133
  846.948400    0.553133    0.553033    0.553133
  847.576700    0.553133    0.553033    0.553133
  848.205000    0.553134    0.553034    0.553134
  848.833300    0.553134    0.553034    0.553134
  849.461600    0.553134    0.553034    0.553134
  850.089900    0.553134    0.553034    0.553134
  850.718200    0.553134    0.553034    0.553134
  851.346500    0.553134    0.553034    0.553134
  851.974800    0.553134    0.553034    0.553134
  852.603100    0.553134    0.553034    0.553134
  853.231400    0.553134    0.553034    0.553134
  853.859700    0.553134    0.553034    0.553134
  854.488000    0.553135    0.553035    0.553135
  855.116300    0.553135    0.553035    0.553135
  855.744600    0.553135    0.553035    0.553135
  856.372900    0.553135    0.553035    0.553135
  857.001200    0.553135    0.553035    0.553135
  857.629500    0.553135    0.553035    0.553135
  858.257800    0.553135    0.553035    0.553135
  858.886100    0.553135    0.553035    0.553135
  859.514400    0.553135    0.553035    0.553135
  860.142700    0.553135    0.553035    0.553135
  860.771000    0.553135    0.553035    0.553135
  861.399300    0.553136    0.553036    0.553136
  862.027600    0.553136    0.553036    0.553136
  862.655900    0.553136    0.553036    0.553136
  863.284200    0.553136    0.553036    0.553136
  863.912500    0.553136    0.553036    0.553136
  864.540800    0.553136    0.553036    0.553136
  865.169100    0.553136    0.553036    0.553136
  865.797400    0.553136    0.553036    0.553136
  866.425700    0.553136    0.553036    0.553136
  867.054000    0.553136    0.553036    0.553136
  867.682300    0.553136    0.553036    0.553136
  868.310600    0.553137    0.553037    0.553137
  868.938900    0.553137    0.553037    0.553137
  869.567200    0.553137    0.553037    0.553137
  870.195500    0.553137    0.553037    0.553137
  870.823800    0.553137    0.553037    0.553137
  871.452100    0.553137    0.553037    0.553137
  872.080400    0.553137    0.553037    0.553137
  872.708700    0.553137    0.553037    0.553137
  873.337000    0.553137    0.553037    0.553137
  873.965300    0.553137    0.553037    0.553137
  874.593600    0.553137    0.553037    0.553137
  875.221900    0.553138    0.553038    0.553138
  875.850200    0.553138    0.553038    0.553138
  876.478500    0.553138    0.553038    0.553138
  877.106800    0.553138    0.553038    0.553138
  877.735100    0.553138    0.553038    0.553138
  878.363400    0.553138    0.553038    0.553138
  878.991700    0.553138    0.553038    0.553138
  879.620000    0.553138    0.553038    0.553138
  880.248300    0.553138    0.553038    0.553138
  880.876600    0.553138    0.553038    0.553138
  881.504900    0.553138    0.553038    0.553138
  882.133200    0.553139    0.553038    0.553138
  882.761500    0.553139    0.553039    0.553139
  883.389800    0.553139    0.553039    0.553139
  884.018100    0.553139    0.553039    0.553139
  884.646400    0.553139    0.553039    0.553139
  885.274700    0.553139    0.553039    0.553139
  885.903000    0.553139    0.553039    0.553139
  886.531300    0.553139    0.553039    0.553139
  887.159600    0.553139    0.553039    0.553139
  887.787900    0.553139    0.553039    0.553139
  888.416200    0.553139    0.553039    0.553139
  889.044500    0.553139    0.553039    0.553139
  889.672800    0.553140    0.553040    0.553140
  890.301100    0.553140    0.553040    0.553140
  890.929400    0.553140    0.553040    0.553140
  891.557700    0.553140    0.553040    0.553140
  892.186000    0.553140    0.553040    0.553140
  892.814300    0.553140    0.553040    0.553140
  893.442600    0.553140    0.553040    0.553140
  894.070900    0.553140    0.553040    0.553140
  894.699200    0.553140    0.553040    0.553140
  895.327500    0.553140    0.553040    0.553140
  895.955800    0.553140    0.553040    0.553140
  896.584100    0.553140    0.553040    0.553140
  897.212400    0.553141    0.553041    0.553141
  897.840700    0.553141    0.553041    0.553141
  898.469000    0.553141    0.553041    0.553141
  899.097300    0.553141    0.553041    0.553141
  899.725600    0.553141    0.553041    0.553141
  900.353900    0.553141    0.553041    0.553141
  900.982200    0.553141    0.553041    0.553141
  901.610500    0.553141    0.553041    0.553141
  902.238800    0.553141    0.553041    0.553141
  902.867100    0.553141    0.553041    0.553141
  903.495400    0.553141    0.553041    0.553141
  904.123700    0.553141    0.553041    0.553141
  904.752000    0.553141    0.553041    0.553141
  905.380300    0.553142    0.553042    0.553142
  906.008600    0.553142    0.553042    0.553142
  906.636900    0.553142    0.553042    0.553142
  907.265200    0.553142    0.553042    0.553142
  907.893500    0.553142    0.553042    0.553142
  908.521800    0.553142    0.553042    0.553142
  909.150100    0.553142    0.553042    0.553142
  909.778400    0.553142    0.553042    0.553142
  910.406700    0.553142    0.553042    0.553142
  911.035000    0.553142    0.553042    0.553142
  911.663300    0.553142    0.553042    0.553142
  912.291600    0.553142    0.553042    0.553142
  912.919900    0.553143    0.553043    0.553143
  913.548200    0.553143    0.553043    0.553143
  914.176500    0.553143    0.553043    0.553143
  914.804800    0.553143    0.553043    0.553143
  915.433100    0.553143    0.553043    0.553143
  916.061400    0.553143    0.553043    0.553143
  916.689700    0.553143    0.553043    0.553143
  917.318000    0.553143    0.553043    0.553143
  917.946300    0.553143    0.553043    0.553143
  918.574600    0.553143    0.553043    0.553143
  919.202900    0.553143    0.553043    0.553143
  919.831200    0.553143    0.553043    0.553143
  920.459500    0.553143    0.553043    0.553143
  921.087800    0.553144    0.553044    0.553144
  921.716100    0.553144    0.553044    0.553144
  922.344400    0.553144    0.553044    0.553144
  922.972700    0.553144    0.553044    0.553144
  923.601000    0.553144    0.553044    0.553144
  924.229300    0.553144    0.553044    0.553144
  924.857600    0.553144    0.553044    0.553144
  925.485900    0.553144    0.553044    0.553144
  926.114200    0.553144    0.553044    0.553144
  926.742500    0.553144    0.553044    0.553144
  927.370800    0.553144    0.553044    0.553144
  927.999100    0.553144    0.553044    0.553144
  928.627400    0.553144    0.553044    0.553144
  929.255700    0.553145    0.553044    0.553144
  929.884000    0.553145    0.553045    0.553145
  930.512300    0.553145    0.553045    0.553145
  931.140600    0.553145    0.553045    0.553145
  931.768900    0.553145    0.553045    0.553145
  932.397200    0.553145    0.553045    0.553145
  933.025500    0.553145    0.553045    0.553145
  933.653800    0.553145    0.553045    0.553145
  934.282100    0.553145    0.553045    0.553145
  934.910400    0.553145    0.553045    0.553145
  935.538700    0.553145    0.553045    0.553145
  936.167000    0.553145    0.553045    0.553145
  936.795300    0.553145    0.553045    0.553145
  937.423600    0.553145    0.553045    0.553145
  938.051900    0.553146    0.553046    0.553146
  938.680200    0.553146    0.553046    0.553146
  939.308500    0.553146    0.553046    0.553146
  939.936800    0.553146    0.553046    0.553146
  940.565100    0.553146    0.553046    0.553146
  941.193400    0.553146    0.553046    0.553146
  941.821700    0.553146    0.553046    0.553146
  942.450000    0.553146    0.553046    0.553146
  943.078300    0.553146    0.553046    0.553146
  943.706600    0.553146    0.553046    0.553146
  944.334900    0.553146    0.553046    0.553146
  944.963200    0.553146    0.553046    0.553146
  945.591500    0.553146    0.553046    0.553146
  946.219800    0.553146    0.553046    0.553146
  946.848100    0.553147    0.553047    0.553147
  947.476400    0.553147    0.553047    0.553147
  948.104700    0.553147    0.553047    0.553147
  948.733000    0.553147    0.553047    0.553147
  949.361300    0.553147    0.553047    0.553147
  949.989600    0.553147    0.553047    0.553147
  950.617900    0.553147    0.553047    0.553147
  951.246200    0.553147    0.553047    0.553147
  951.874500    0.553147    0.553047    0.553147
  952.502800    0.553147    0.553047    0.553147
  953.131100    0.553147    0.553047    0.553147
  953.759400    0.553147    0.553047    0.553147
  954.387700    0.553147    0.553047    0.553147
  955.016000    0.553147    0.553047    0.553147
  955.644300    0.553147    0.553047    0.553147
  956.272600    0.553148    0.553048    0.553148
  956.900900    0.553148    0.553048    0.553148
  957.529200    0.553148    0.553048    0.553148
  958.157500    0.553148    0.553048    0.553148
  958.785800    0.553148    0.553048    0.553148
  959.414100    0.553148    0.553048    0.553148
  960.042400    0.553148    0.553048    0.553148
  960.670700    0.553148    0.553048    0.553148
  961.299000    0.553148    0.553048    0.553148
  961.927300    0.553148    0.553048    0.553148
  962.555600    0.553148    0.553048    0.553148
  963.183900    0.553148    0.553048    0.553148
  963.812200    0.553148    0.553048    0.553148
  964.440500    0.553148    0.553048    0.553148
  965.068800    0.553148    0.553048    0.553148
  965.697100    0.553149    0.553049    0.553149
  966.325400    0.553149    0.553049    0.553149
  966.953700    0.553149    0.553049    0.553149
  967.582000    0.553149    0.553049    0.553149
  968.210300    0.553149    0.553049    0.553149
  968.838600    0.553149    0.553049    0.553149
  969.466900    0.553149    0.553049    0.553149
  970.095200    0.553149    0.553049    0.553149
  970.723500    0.553149    0.553049    0.553149
  971.351800    0.553149    0.553049    0.553149
  971.980100    0.553149    0.553049    0.553149
  972.608400    0.553149    0.553049    0.553149
  973.236700    0.553149    0.553049    0.553149
  973.865000    0.553149    0.553049    0.553149
  974.493300    0.553149    0.553049    0.553149
  975.121600    0.553150    0.553050    0.553150
  975.749900    0.553150    0.553050    0.553150
  976.378200    0.553150    0.553050    0.553150
  977.006500    0.553150    0.553050    0.553150
  977.634800    0.553150    0.553050    0.553150
  978.263100    0.553150    0.553050    0.553150
  978.891400    0.553150    0.553050    0.553150
  979.519700    0.553150    0.553050    0.553150
  980.148000    0.553150    0.553050    0.553150
  980.776300    0.553150    0.553050    0.553150
  981.404600    0.553150    0.553050    0.553150
  982.032900    0.553150    0.553050    0.553150
  982.661200    0.553150    0.553050    0.553150
  983.289500    0.553150    0.553050    0.553150
  983.917800    0.553150    0.553050    0.553150
  984.546100    0.553150    0.553050    0.553150
  985.174400    0.553151    0.553051    0.553151
  985.802700    0.553151    0.553051    0.553151
  986.431000    0.553151    0.553051    0.553151
  987.059300    0.553151    0.553051    0.553151
  987.687600    0.553151    0.553051    0.553151
  988.315900    0.553151    0.553051    0.553151
  988.944200    0.553151    0.553051    0.553151
  989.572500    0.553151    0.553051    0.553151
  990.200800    0.553151    0.553051    0.553151
  990.829100    0.553151    0.553051    0.553151
  991.457400    0.553151    0.553051    0.553151
  992.085700    0.553151    0.553051    0.553151
  992.714000    0.553151    0.553051    0.553151
  993.342300    0.553151    0.553051    0.553151
  993.970600    0.553151    0.553051    0.553151
  994.598900    0.553151    0.553051    0.553151
  995.227200    0.553152    0.553052    0.553152
  995.855500    0.553152    0.553052    0.553152
  996.483800    0.553152    0.553052    0.553152
  997.112100    0.553152    0.553052    0.553152
  997.740400    0.553152    0.553052    0.553152
  998.368700    0.553152    0.553052    0.553152
  998.997000    0.553152    0.553052    0.553152
  999.625300    0.553152    0.553052    0.553152
 1000.253600    0.553152    0.553052    0.553152
 1000.881900    0.553152    0.553052    0.553152
 1001.510200    0.553152    0.553052    0.553152
 1002.138500    0.553152    0.553052    0.553152
 1002.766800    0.553152    0.553052    0.553152
 1003.395100    0.553152    0.553052    0.553152
 1004.023400    0.553152    0.553052    0.553152
 1004.651700    0.553152    0.553052    0.553152
 1005.280000    0.553152    0.553052    0.553152
 1005.908300    0.553153    0.553053    0.553153
 1006.536600    0.553153    0.553053    0.553153
 1007.164900    0.553153    0.553053    0.553153
 1007.793200    0.553153    0.553053    0.553153
 1008.421500    0.553153    0.553053    0.553153
 1009.049800    0.553153    0.553053    0.553153
 1009.678100    0.553153    0.553053    0.553153
 1010.306400    0.553153    0.553053    0.553153
 1010.934700    0.553153    0.553053    0.553153
 1011.563000    0.553153    0.553053    0.553153
 1012.191300    0.553153    0.553053    0.553153
 1012.819600    0.553153    0.553053    0.553153
 1013.447900    0.553153    0.553053    0.553153
 1014.076200    0.553153    0.553053    0.553153
 1014.704500    0.553153    0.553053    0.553153
 1015.332800    0.553153    0.553053    0.553153
 1015.961100    0.553153    0.553053    0.553153
 1016.589400    0.553154    0.553054    0.553154
 1017.217700    0.553154    0.553054    0.553154
 1017.846000    0.553154    0.553054    0.553154
 1018.474300    0.553154    0.553054    0.553154
 1019.102600    0.553154    0.553054    0.553154
 1019.730900    0.553154    0.553054    0.553154
 1020.359200    0.553154    0.553054    0.553154
 1020.987500    0.553154    0.553054    0.553154
 1021.615800    0.553154    0.553054    0.553154
 1022.244100    0.553154    0.553054    0.553154
 1022.872400    0.553154    0.553054    0.553154
 1023.500700    0.553154    0.553054    0.553154
 1024.129000    0.553154    0.553054    0.553154
 1024.757300    0.553154    0.553054    0.553154
 1025.385600    0.553154    0.553054    0.553154
 1026.013900    0.553154    0.553054    0.553154
 1026.642200    0.553154    0.553054    0.553154
 1027.270500    0.553154    0.553054    0.553154
 1027.898800    0.553155    0.553055    0.553155
 1028.527100    0.553155    0.553055    0.553155
 1029.155400    0.553155    0.553055    0.553155
 1029.783700    0.553155    0.553055    0.553155
 1030.412000    0.553155    0.553055    0.553155
 1031.040300    0.553155    0.553055    0.553155
 1031.668600    0.553155    0.553055    0.553155
 1032.296900    0.553155    0.553055    0.553155
 1032.925200    0.553155    0.553055    0.553155
 1033.553500    0.553155    0.553055    0.553155
 1034.181800    0.553155    0.553055    0.553155
 1034.810100    0.553155    0.553055    0.553155
 1035.438400    0.553155    0.553055    0.553155
 1036.066700    0.553155    0.553055    0.553155
 1036.695000    0.553155    0.553055    0.553155
 1037.323300    0.553155    0.553055    0.553155
 1037.951600    0.553155    0.553055    0.553155
 1038.579900    0.553155    0.553055    0.553155
 1039.208200    0.553155    0.553055    0.553155
 1039.836500    0.553156    0.553056    0.553156
 1040.464800    0.553156    0.553056    0.553156
 1041.093100    0.553156    0.553056    0.553156
 1041.721400    0.553156    0.553056    0.553156
 1042.349700    0.553156    0.553056    0.553156
 1042.978000    0.553156    0.553056    0.553156
 1043.606300    0.553156    0.553056    0.553156
 1044.234600    0.553156    0.553056    0.553156
 1044.862900    0.553156    0.553056    0.553156
 1045.491200    0.553156    0.553056    0.553156
 1046.119500    0.553156    0.553056    0.553156
 1046.747800    0.553156    0.553056    0.553156
 1047.376100    0.553156    0.553056    0.553156
 1048.004400    0.553156    0.553056    0.553156
 1048.632700    0.553156    0.553056    0.553156
 1049.261000    0.553156    0.553056    0.553156
 1049.889300    0.553156    0.553056    0.553156
 1050.517600    0.553156    0.553056    0.553156
 1051.145900    0.553156    0.553056    0.553156
 1051.774200    0.553157    0.553057    0.553157
 1052.402500    0.553157    0.553057    0.553157
 1053.030800    0.553157    0.553057    0.553157
 1053.659100    0.553157    0.553057    0.553157
 1054.287400    0.553157    0.553057    0.553157
 1054.915700    0.553157    0.553057    0.553157
 1055.544000    0.553157    0.553057    0.553157
 1056.172300    0.553157    0.553057    0.553157
 1056.800600    0.553157    0.553057    0.553157
 1057.428900    0.553157    0.553057    0.553157
 1058.057200    0.553157    0.553057    0.553157
 1058.685500    0.553157    0.553057    0.553157
 1059.313800    0.553157    0.553057    0.553157
 1059.942100    0.553157    0.553057    0.553157
 1060.570400    0.553157    0.553057    0.553157
 1061.198700    0.553157    0.553057    0.553157
 1061.827000    0.553157    0.553057    0.553157
 1062.455300    0.553157    0.553057    0.553157
 1063.083600    0.553157    0.553057    0.553157
 1063.711900    0.553158    0.553057    0.553157
 1064.340200    0.553158    0.553058    0.553158
 1064.968500    0.553158    0.553058    0.553158
 1065.596800    0.553158    0.553058    0.553158
 1066.225100    0.553158    0.553058    0.553158
 1066.853400    0.553158    0.553058    0.553158
 1067.481700    0.553158    0.553058    0.553158
 1068.110000    0.553158    0.553058    0.553158
 1068.738300    0.553158    0.553058    0.553158
 1069.366600    0.553158    0.553058    0.553158
 1069.994900    0.553158    0.553058    0.553158
 1070.623200    0.553158    0.553058    0.553158
 1071.251500    0.553158    0.553058    0.553158
 1071.879800    0.553158    0.553058    0.553158
 1072.508100    0.553158    0.553058    0.553158
 1073.136400    0.553158    0.553058    0.553158
 1073.764700    0.553158    0.553058    0.553158
 1074.393000    0.553158    0.553058    0.553158
 1075.021300    0.553158    0.553058    0.553158
 1075.649600    0.553158    0.553058    0.553158
 1076.277900    0.553158    0.553058    0.553158
 1076.906200    0.553159    0.553059    0.553159
 1077.534500    0.553159    0.553059    0.553159
 1078.162800    0.553159    0.553059    0.553159
 1078.791100    0.553159    0.553059    0.553159
 1079.419400    0.553159    0.553059    0.553159
 1080.047700    0.553159    0.553059    0.553159
 1080.676000    0.553159    0.553059    0.553159
 1081.304300    0.553159    0.553059    0.553159
 1081.932600    0.553159    0.553059    0.553159
 1082.560900    0.553159    0.553059    0.553159
 1083.189200    0.553159    0.553059    0.553159
 1083.817500    0.553159    0.553059    0.553159
 1084.445800    0.553159    0.553059    0.553159
 1085.074100    0.553159    0.553059    0.553159
 1085.702400    0.553159    0.553059    0.553159
 1086.330700    0.553159    0.553059    0.553159
 1086.959000    0.553159    0.553059    0.553159
 1087.587300    0.553159    0.553059    0.553159
 1088.215600    0.553159    0.553059    0.553159
 1088.843900    0.553159    0.553059    0.553159
 1089.472200    0.553159    0.553059    0.553159
 1090.100500    0.553160    0.553060    0.553160
 1090.728800    0.553160    0.553060    0.553160
 1091.357100    0.553160    0.553060    0.553160
 1091.985400    0.553160    0.553060    0.553160
 1092.613700    0.553160    0.553060    0.553160
 1093.242000    0.553160    0.553060    0.553160
 1093.870300    0.553160    0.553060    0.553160
 1094.498600    0.553160    0.553060    0.553160
 1095.126900    0.553160    0.553060    0.553160
 1095.755200    0.553160    0.553060    0.553160
 1096.383500    0.553160    0.553060    0.553160
 1097.011800    0.553160    0.553060    0.553160
 1097.640100    0.553160    0.553060    0.553160
 1098.268400    0.553160    0.553060    0.553160
 1098.896700    0.553160    0.553060    0.553160
 1099.525000    0.553160    0.553060    0.553160
 1100.153300    0.553160    0.553060    0.553160
 1100.781600    0.553160    0.553060    0.553160
 1101.409900    0.553160    0.553060    0.553160
 1102.038200    0.553160    0.553060    0.553160
 1102.666500    0.553160    0.553060    0.553160
 1103.294800    0.553160    0.553060    0.553160
 1103.923100    0.553161    0.553061    0.553161
 1104.551400    0.553161    0.553061    0.553161
 1105.179700    0.553161    0.553061    0.553161
 1105.808000    0.553161    0.553061    0.553161
 1106.436300    0.553161    0.553061    0.553161
 1107.064600    0.553161    0.553061    0.553161
 1107.692900    0.553161    0.553061    0.553161
 1108.321200    0.553161    0.553061    0.553161
 1108.949500    0.553161    0.553061    0.553161
 1109.577800    0.553161    0.553061    0.553161
 1110.206100    0.553161    0.553061    0.553161
 1110.834400    0.553161    0.553061    0.553161
 1111.462700    0.553161    0.553061    0.553161
 1112.091000    0.553161    0.553061    0.553161
 1112.719300    0.553161    0.553061    0.553161
 1113.347600    0.553161    0.553061    0.553161
 1113.975900    0.553161    0.553061    0.553161
 1114.604200    0.553161    0.553061    0.553161
 1115.232500    0.553161    0.553061    0.553161
 1115.860800    0.553161    0.553061    0.553161
 1116.489100    0.553161    0.553061    0.553161
 1117.117400    0.553161    0.553061    0.553161
 1117.745700    0.553161    0.553061    0.553161
 1118.374000    0.553162    0.553062    0.553162
 1119.002300    0.553162    0.553062    0.553162
 1119.630600    0.553162    0.553062    0.553162
 1120.258900    0.553162    0.553062    0.553162
 1120.887200    0.553162    0.553062    0.553162
 1121.515500    0.553162    0.553062    0.553162
 1122.143800    0.553162    0.553062    0.553162
 1122.772100    0.553162    0.553062    0.553162
 1123.400400    0.553162    0.553062    0.553162
 1124.028700    0.553162    0.553062    0.553162
 1124.657000    0.553162    0.553062    0.553162
 1125.285300    0.553162    0.553062    0.553162
 1125.913600    0.553162    0.553062    0.553162
 1126.541900    0.553162    0.553062    0.553162
 1127.170200    0.553162    0.553062    0.553162
 1127.798500    0.553162    0.553062    0.553162
 1128.426800    0.553162    0.553062    0.553162
 1129.055100    0.553162    0.553062    0.553162
 1129.683400    0.553162    0.553062    0.553162
 1130.311700    0.553162    0.553062    0.553162
 1130.940000    0.553162    0.553062    0.553162
 1131.568300    0.553162    0.553062    0.553162
 1132.196600    0.553162    0.553062    0.553162
 1132.824900    0.553162    0.553062    0.553162
 1133.453200    0.553163    0.553063    0.553163
 1134.081500    0.553163    0.553063    0.553163
 1134.709800    0.553163    0.553063    0.553163
 1135.338100    0.553163    0.553063    0.553163
 1135.966400    0.553163    0.553063    0.553163
 1136.594700    0.553163    0.553063    0.553163
 1137.223000    0.553163    0.553063    0.553163
 1137.851300    0.553163    0.553063    0.553163
 1138.479600    0.553163    0.553063    0.553163
 1139.107900    0.553163    0.553063    0.553163
 1139.736200    0.553163    0.553063    0.553163
 1140.364500    0.553163    0.553063    0.553163
 1140.992800    0.553163    0.553063    0.553163
 1141.621100    0.553163    0.553063    0.553163
 1142.249400    0.553163    0.553063    0.553163
 1142.877700    0.553163    0.553063    0.553163
 1143.506000    0.553163    0.553063    0.553163
 1144.134300    0.553163    0.553063    0.553163
 1144.762600    0.553163    0.553063    0.553163
 1145.390900    0.553163    0.553063    0.553163
 1146.019200    0.553163    0.553063    0.553163
 1146.647500    0.553163    0.553063    0.553163
 1147.275800    0.553163    0.553063    0.553163
 1147.904100    0.553163    0.553063    0.553163
 1148.532400    0.553163    0.553063    0.553163
 1149.160700    0.553164    0.553064    0.553164
 1149.789000    0.553164    0.553064    0.553164
 1150.417300    0.553164    0.553064    0.553164
 1151.045600    0.553164    0.553064    0.553164
 1151.673900    0.553164    0.553064    0.553164
 1152.302200    0.553164    0.553064    0.553164
 1152.930500    0.553164    0.553064    0.553164
 1153.558800    0.553164    0.553064    0.553164
 1154.187100    0.553164    0.553064    0.553164
 1154.815400    0.553164    0.553064    0.553164
 1155.443700    0.553164    0.553064    0.553164
 1156.072000    0.553164    0.553064    0.553164
 1156.700300    0.553164    0.553064    0.553164
 1157.328600    0.553164    0.553064    0.553164
 1157.956900    0.553164    0.553064    0.553164
 1158.585200    0.553164    0.553064    0.553164
 1159.213500    0.553164    0.553064    0.553164
 1159.841800    0.553164    0.553064    0.553164
 1160.470100    0.553164    0.553064    0.553164
 1161.098400    0.553164    0.553064    0.553164
 1161.726700    0.553164    0.553064    0.553164
 1162.355000    0.553164    0.553064    0.553164
 1162.983300    0.553164    0.553064    0.553164
 1163.611600    0.553164    0.553064    0.553164
 1164.239900    0.553164    0.553064    0.553164
 1164.868200    0.553164    0.553064    0.553164
 1165.496500    0.553165    0.553065    0.553165
 1166.124800    0.553165    0.553065    0.553165
 1166.753100    0.553165    0.553065    0.553165
 1167.381400    0.553165    0.553065    0.553165
 1168.009700    0.553165    0.553065    0.553165
 1168.638000    0.553165    0.553065    0.553165
 1169.266300    0.553165    0.553065    0.553165
 1169.894600    0.553165    0.553065    0.553165
 1170.522900    0.553165    0.553065    0.553165
 1171.151200    0.553165    0.553065    0.553165
 1171.779500    0.553165    0.553065    0.553165
 1172.407800    0.553165    0.553065    0.553165
 1173.036100    0.553165    0.553065    0.553165
 1173.664400    0.553165    0.553065    0.553165
 1174.292700    0.553165    0.553065    0.553165
 1174.921000    0.553165    0.553065    0.553165
 1175.549300    0.553165    0.553065    0.553165
 1176.177600    0.553165    0.553065    0.553165
 1176.805900    0.553165    0.553065    0.553165
 1177.434200    0.553165    0.553065    0.553165
 1178.062500    0.553165    0.553065    0.553165
 1178.690800    0.553165    0.553065    0.553165
 1179.319100    0.553165    0.553065    0.553165
 1179.947400    0.553165    0.553065    0.553165
 1180.575700    0.553165    0.553065    0.553165
 1181.204000    0.553165    0.553065    0.553165
 1181.832300    0.553166    0.553065    0.553165
 1182.460600    0.553166    0.553066    0.553166
 1183.088900    0.553166    0.553066    0.553166
 1183.717200    0.553166    0.553066    0.553166
 1184.345500    0.553166    0.553066    0.553166
 1184.973800    0.553166    0.553066    0.553166
 1185.602100    0.553166    0.553066    0.553166
 1186.230400    0.553166    0.553066    0.553166
 1186.858700    0.553166    0.553066    0.553166
 1187.487000    0.553166    0.553066    0.553166
 1188.115300    0.553166    0.553066    0.553166
 1188.743600    0.553166    0.553066    0.553166
 1189.371900    0.553166    0.553066    0.553166
 1190.000200    0.553166    0.553066    0.553166
 1190.628500    0.553166    0.553066    0.553166
 1191.256800    0.553166    0.553066    0.553166
 1191.885100    0.553166    0.553066    0.553166
 1192.513400    0.553166    0.553066    0.553166
 1193.141700    0.553166    0.553066    0.553166
 1193.770000    0.553166    0.553066    0.553166
 1194.398300    0.553166    0.553066    0.553166
 1195.026600    0.553166    0.553066    0.553166
 1195.654900    0.553166    0.553066    0.553166
 1196.283200    0.553166    0.553066    0.553166
 1196.911500    0.553166    0.553066    0.553166
 1197.539800    0.553166    0.553066    0.553166
 1198.168100    0.553166    0.553066    0.553166
 1198.796400    0.553166    0.553066    0.553166
 1199.424700    0.553166    0.553066    0.553166
 1200.053000    0.553167    0.553067    0.553167
 1200.681300    0.553167    0.553067    0.553167
 1201.309600    0.553167    0.553067    0.553167
 1201.937900    0.553167    0.553067    0.553167
 1202.566200    0.553167    0.553067    0.553167
 1203.194500    0.553167    0.553067    0.553167
 1203.822800    0.553167    0.553067    0.553167
 1204.451100    0.553167    0.553067    0.553167
 1205.079400    0.553167    0.553067    0.553167
 1205.707700    0.553167    0.553067    0.553167
 1206.336000    0.553167    0.553067    0.553167
 1206.964300    0.553167    0.553067    0.553167
 1207.592600    0.553167    0.553067    0.553167
 1208.220900    0.553167    0.553067    0.553167
 1208.849200    0.553167    0.553067    0.553167
 1209.477500    0.553167    0.553067    0.553167
 1210.105800    0.553167    0.553067    0.553167
 1210.734100    0.553167    0.553067    0.553167
 1211.362400    0.553167    0.553067    0.553167
 1211.990700    0.553167    0.553067    0.553167
 1212.619000    0.553167    0.553067    0.553167
 1213.247300    0.553167    0.553067    0.553167
 1213.875600    0.553167    0.553067    0.553167
 1214.503900    0.553167    0.553067    0.553167
 1215.132200    0.553167    0.553067    0.553167
 1215.760500    0.553167    0.553067    0.553167
 1216.388800    0.553167    0.553067    0.553167
 1217.017100    0.553167    0.553067    0.553167
 1217.645400    0.553167    0.553067    0.553167
 1218.273700    0.553168    0.553068    0.553168
 1218.902000    0.553168    0.553068    0.553168
 1219.530300    0.553168    0.553068    0.553168
 1220.158600    0.553168    0.553068    0.553168
 1220.786900    0.553168    0.553068    0.553168
 1221.415200    0.553168    0.553068    0.553168
 1222.043500    0.553168    0.553068    0.553168
 1222.671800    0.553168    0.553068    0.553168
 1223.300100    0.553168    0.553068    0.553168
 1223.928400    0.553168    0.553068    0.553168
 1224.556700    0.553168    0.553068    0.553168
 1225.185000    0.553168    0.553068    0.553168
 1225.813300    0.553168    0.553068    0.553168
 1226.441600    0.553168    0.553068    0.553168
 1227.069900    0.553168    0.553068    0.553168
 1227.698200    0.553168    0.553068    0.553168
 1228.326500    0.553168    0.553068    0.553168
 1228.954800    0.553168    0.553068    0.553168
 1229.583100    0.553168    0.553068    0.553168
 1230.211400    0.553168    0.553068    0.553168
 1230.839700    0.553168    0.553068    0.553168
 1231.468000    0.553168    0.553068    0.553168
 1232.096300    0.553168    0.553068    0.553168
 1232.724600    0.553168    0.553068    0.553168
 1233.352900    0.553168    0.553068    0.553168
 1233.981200    0.553168    0.553068    0.553168
 1234.609500    0.553168    0.553068    0.553168
 1235.237800    0.553168    0.553068    0.553168
 1235.866100    0.553168    0.553068    0.553168
 1236.494400    0.553168    0.553068    0.553168
 1237.122700    0.553168    0.553068    0.553168
 1237.751000    0.553169    0.553069    0.553169
 1238.379300    0.553169    0.553069    0.553169
 1239.007600    0.553169    0.553069    0.553169
 1239.635900    0.553169    0.553069    0.553169
 1240.264200    0.553169    0.553069    0.553169
 1240.892500    0.553169    0.553069    0.553169
 1241.520800    0.553169    0.553069    0.553169
 1242.149100    0.553169    0.553069    0.553169
 1242.777400    0.553169    0.553069    0.553169
 1243.405700    0.553169    0.553069    0.553169
 1244.034000    0.553169    0.553069    0.553169
 1244.662300    0.553169    0.553069    0.553169
 1245.290600    0.553169    0.553069    0.553169
 1245.918900    0.553169    0.553069    0.553169
 1246.547200    0.553169    0.553069    0.553169
 1247.175500    0.553169    0.553069    0.553169
 1247.803800    0.553169    0.553069    0.553169
 1248.432100    0.553169    0.553069    0.553169
 1249.060400    0.553169    0.553069    0.553169
 1249.688700    0.553169    0.553069    0.553169
 1250.317000    0.553169    0.553069    0.553169
 1250.945300    0.553169    0.553069    0.553169
 1251.573600    0.553169    0.553069    0.553169
 1252.201900    0.553169    0.553069    0.553169
 1252.830200    0.553169    0.553069    0.553169
 1253.458500    0.553169    0.553069    0.553169
 1254.086800    0.553169    0.553069    0.553169
 1254.715100    0.553169    0.553069    0.553169
 1255.343400    0.553169    0.553069    0.553169
 1255.971700    0.553169    0.553069    0.553169
 1256.600000    0.553169    0.553069    0.553169
