 #beta    10.0000000000000     
 #nw         2000
 #w, Re,Im for 1111 2222 ...
    0.000000    3.490804    3.491577    3.491138
    0.628300    3.517224    3.518001    3.517560
    1.256600    3.592979    3.593766    3.593318
    1.884900    3.709729    3.710533    3.710075
    2.513200    3.857976    3.858800    3.858331
    3.141500    4.029290    4.030139    4.029656
    3.769800    4.217032    4.217907    4.217411
    4.398100    4.416240    4.417144    4.416633
    5.026400    4.623259    4.624193    4.623667
    5.654700    4.835371    4.836336    4.835793
    6.283000    5.050509    5.051507    5.050948
    6.911300    5.267070    5.268101    5.267525
    7.539600    5.483782    5.484846    5.484253
    8.167900    5.699621    5.700719    5.700108
    8.796200    5.913761    5.914893    5.914264
    9.424500    6.125530    6.126696    6.126050
   10.052800    6.334388    6.335587    6.334923
   10.681100    6.539901    6.541134    6.540451
   11.309400    6.741729    6.742995    6.742295
   11.937700    6.939609    6.940907    6.940190
   12.566000    7.133345    7.134676    7.133941
   13.194300    7.322797    7.324159    7.323407
   13.822600    7.507873    7.509266    7.508497
   14.450900    7.688520    7.689943    7.689158
   15.079200    7.864717    7.866169    7.865368
   15.707500    8.036472    8.037954    8.037137
   16.335800    8.203816    8.205325    8.204493
   16.964100    8.366796    8.368332    8.367485
   17.592400    8.525474    8.527038    8.526175
   18.220700    8.679925    8.681515    8.680638
   18.849000    8.830233    8.831847    8.830957
   19.477300    8.976485    8.978125    8.977221
   20.105600    9.118778    9.120442    9.119525
   20.733900    9.257210    9.258897    9.257967
   21.362200    9.391881    9.393591    9.392648
   21.990500    9.522893    9.524625    9.523670
   22.618800    9.650348    9.652101    9.651134
   23.247100    9.774348    9.776122    9.775143
   23.875400    9.894994    9.896788    9.895798
   24.503700   10.012385   10.014198   10.013198
   25.132000   10.126619   10.128452   10.127441
   25.760300   10.237794   10.239645   10.238624
   26.388600   10.346002   10.347872   10.346840
   27.016900   10.451337   10.453224   10.452182
   27.645200   10.553886   10.555791   10.554740
   28.273500   10.653739   10.655659   10.654599
   28.901800   10.750978   10.752915   10.751845
   29.530100   10.845686   10.847639   10.846561
   30.158400   10.937943   10.939912   10.938825
   30.786700   11.027826   11.029810   11.028714
   31.415000   11.115410   11.117408   11.116305
   32.043300   11.200767   11.202779   11.201668
   32.671600   11.283967   11.285992   11.284874
   33.299900   11.365077   11.367116   11.365990
   33.928200   11.444163   11.446215   11.445081
   34.556500   11.521288   11.523352   11.522212
   35.184800   11.596512   11.598589   11.597442
   35.813100   11.669895   11.671985   11.670830
   36.441400   11.741494   11.743595   11.742434
   37.069700   11.811363   11.813475   11.812308
   37.698000   11.879556   11.881679   11.880505
   38.326300   11.946122   11.948257   11.947077
   38.954600   12.011113   12.013258   12.012072
   39.582900   12.074575   12.076730   12.075539
   40.211200   12.136555   12.138720   12.137523
   40.839500   12.197097   12.199271   12.198069
   41.467800   12.256243   12.258427   12.257219
   42.096100   12.314035   12.316229   12.315016
   42.724400   12.370514   12.372717   12.371498
   43.352700   12.425717   12.427929   12.426705
   43.981000   12.479682   12.481902   12.480674
   44.609300   12.532445   12.534674   12.533440
   45.237600   12.584040   12.586277   12.585039
   45.865900   12.634502   12.636747   12.635505
   46.494200   12.683862   12.686115   12.684868
   47.122500   12.732152   12.734413   12.733162
   47.750800   12.779402   12.781671   12.780415
   48.379100   12.825642   12.827917   12.826658
   49.007400   12.870899   12.873182   12.871918
   49.635700   12.915201   12.917491   12.916224
   50.264000   12.958575   12.960871   12.959600
   50.892300   13.001046   13.003349   13.002074
   51.520600   13.042638   13.044947   13.043668
   52.148900   13.083375   13.085691   13.084409
   52.777200   13.123281   13.125603   13.124318
   53.405500   13.162378   13.164706   13.163417
   54.033800   13.200688   13.203022   13.201729
   54.662100   13.238231   13.240571   13.239275
   55.290400   13.275027   13.277373   13.276074
   55.918700   13.311097   13.313448   13.312146
   56.547000   13.346459   13.348816   13.347511
   57.175300   13.381132   13.383494   13.382186
   57.803600   13.415133   13.417501   13.416189
   58.431900   13.448480   13.450852   13.449538
   59.060200   13.481189   13.483567   13.482250
   59.688500   13.513277   13.515659   13.514340
   60.316800   13.544759   13.547146   13.545824
   60.945100   13.575650   13.578042   13.576717
   61.573400   13.605966   13.608362   13.607035
   62.201700   13.635720   13.638121   13.636790
   62.830000   13.664926   13.667331   13.665998
   63.458300   13.693598   13.696007   13.694672
   64.086600   13.721748   13.724162   13.722825
   64.714900   13.749390   13.751808   13.750468
   65.343200   13.776536   13.778957   13.777615
   65.971500   13.803196   13.805622   13.804278
   66.599800   13.829384   13.831814   13.830467
   67.228100   13.855110   13.857544   13.856195
   67.856400   13.880386   13.882823   13.881472
   68.484700   13.905220   13.907661   13.906308
   69.113000   13.929625   13.932070   13.930715
   69.741300   13.953610   13.956058   13.954701
   70.369600   13.977184   13.979635   13.978276
   70.997900   14.000357   14.002812   14.001451
   71.626200   14.023138   14.025596   14.024234
   72.254500   14.045536   14.047998   14.046633
   72.882800   14.067560   14.070024   14.068658
   73.511100   14.089217   14.091685   14.090317
   74.139400   14.110517   14.112988   14.111618
   74.767700   14.131467   14.133941   14.132569
   75.396000   14.152074   14.154551   14.153178
   76.024300   14.172347   14.174827   14.173452
   76.652600   14.192292   14.194775   14.193398
   77.280900   14.211917   14.214403   14.213024
   77.909200   14.231229   14.233717   14.232337
   78.537500   14.250233   14.252724   14.251343
   79.165800   14.268938   14.271431   14.270049
   79.794100   14.287349   14.289845   14.288460
   80.422400   14.305472   14.307970   14.306585
   81.050700   14.323313   14.325814   14.324427
   81.679000   14.340879   14.343383   14.341994
   82.307300   14.358175   14.360681   14.359291
   82.935600   14.375206   14.377714   14.376323
   83.563900   14.391978   14.394489   14.393097
   84.192200   14.408497   14.411010   14.409616
   84.820500   14.424767   14.427283   14.425887
   85.448800   14.440794   14.443311   14.441915
   86.077100   14.456582   14.459102   14.457704
   86.705400   14.472136   14.474658   14.473259
   87.333700   14.487461   14.489985   14.488585
   87.962000   14.502562   14.505088   14.503687
   88.590300   14.517442   14.519970   14.518568
   89.218600   14.532106   14.534637   14.533233
   89.846900   14.546559   14.549091   14.547687
   90.475200   14.560804   14.563339   14.561933
   91.103500   14.574846   14.577382   14.575975
   91.731800   14.588688   14.591226   14.589818
   92.360100   14.602334   14.604874   14.603465
   92.988400   14.615789   14.618330   14.616920
   93.616700   14.629054   14.631598   14.630187
   94.245000   14.642135   14.644681   14.643268
   94.873300   14.655035   14.657582   14.656169
   95.501600   14.667756   14.670305   14.668891
   96.129900   14.680303   14.682853   14.681438
   96.758200   14.692678   14.695230   14.693814
   97.386500   14.704885   14.707439   14.706022
   98.014800   14.716927   14.719482   14.718064
   98.643100   14.728807   14.731363   14.729945
   99.271400   14.740527   14.743085   14.741665
   99.899700   14.752090   14.754650   14.753230
  100.528000   14.763501   14.766062   14.764641
  101.156300   14.774760   14.777323   14.775901
  101.784600   14.785871   14.788435   14.787012
  102.412900   14.796837   14.799402   14.797979
  103.041200   14.807659   14.810226   14.808802
  103.669500   14.818341   14.820910   14.819485
  104.297800   14.828886   14.831455   14.830029
  104.926100   14.839294   14.841865   14.840438
  105.554400   14.849569   14.852142   14.850714
  106.182700   14.859714   14.862287   14.860859
  106.811000   14.869729   14.872304   14.870875
  107.439300   14.879618   14.882195   14.880765
  108.067600   14.889383   14.891961   14.890530
  108.695900   14.899025   14.901604   14.900173
  109.324200   14.908548   14.911128   14.909696
  109.952500   14.917952   14.920533   14.919100
  110.580800   14.927239   14.929822   14.928389
  111.209100   14.936413   14.938997   14.937563
  111.837400   14.945474   14.948059   14.946624
  112.465700   14.954425   14.957011   14.955575
  113.094000   14.963267   14.965854   14.964418
  113.722300   14.972002   14.974590   14.973153
  114.350600   14.980631   14.983221   14.981784
  114.978900   14.989158   14.991748   14.990310
  115.607200   14.997582   15.000174   14.998735
  116.235500   15.005907   15.008499   15.007060
  116.863800   15.014132   15.016726   15.015286
  117.492100   15.022261   15.024855   15.023415
  118.120400   15.030294   15.032889   15.031449
  118.748700   15.038233   15.040830   15.039388
  119.377000   15.046080   15.048677   15.047236
  120.005300   15.053836   15.056434   15.054992
  120.633600   15.061502   15.064101   15.062658
  121.261900   15.069080   15.071680   15.070237
  121.890200   15.076571   15.079172   15.077728
  122.518500   15.083976   15.086578   15.085134
  123.146800   15.091297   15.093900   15.092455
  123.775100   15.098536   15.101139   15.099694
  124.403400   15.105692   15.108297   15.106851
  125.031700   15.112769   15.115374   15.113928
  125.660000   15.119766   15.122372   15.120925
  126.288300   15.126685   15.129292   15.127845
  126.916600   15.133527   15.136135   15.134687
  127.544900   15.140293   15.142902   15.141454
  128.173200   15.146985   15.149595   15.148146
  128.801500   15.153604   15.156214   15.154765
  129.429800   15.160150   15.162761   15.161311
  130.058100   15.166625   15.169237   15.167787
  130.686400   15.173029   15.175642   15.174191
  131.314700   15.179364   15.181978   15.180527
  131.943000   15.185631   15.188245   15.186794
  132.571300   15.191831   15.194446   15.192994
  133.199600   15.197964   15.200580   15.199128
  133.827900   15.204032   15.206649   15.205196
  134.456200   15.210036   15.212653   15.211200
  135.084500   15.215976   15.218594   15.217141
  135.712800   15.221854   15.224472   15.223019
  136.341100   15.227670   15.230289   15.228835
  136.969400   15.233425   15.236045   15.234590
  137.597700   15.239120   15.241740   15.240285
  138.226000   15.244756   15.247377   15.245922
  138.854300   15.250333   15.252955   15.251499
  139.482600   15.255853   15.258476   15.257020
  140.110900   15.261317   15.263940   15.262484
  140.739200   15.266724   15.269348   15.267891
  141.367500   15.272076   15.274701   15.273244
  141.995800   15.277374   15.279999   15.278542
  142.624100   15.282619   15.285244   15.283786
  143.252400   15.287810   15.290436   15.288978
  143.880700   15.292949   15.295576   15.294117
  144.509000   15.298036   15.300664   15.299205
  145.137300   15.303073   15.305701   15.304242
  145.765600   15.308060   15.310688   15.309229
  146.393900   15.312997   15.315626   15.314166
  147.022200   15.317885   15.320515   15.319055
  147.650500   15.322725   15.325355   15.323895
  148.278800   15.327518   15.330148   15.328688
  148.907100   15.332263   15.334895   15.333434
  149.535400   15.336963   15.339595   15.338133
  150.163700   15.341616   15.344249   15.342787
  150.792000   15.346225   15.348858   15.347396
  151.420300   15.350789   15.353422   15.351960
  152.048600   15.355309   15.357943   15.356481
  152.676900   15.359786   15.362420   15.360958
  153.305200   15.364220   15.366855   15.365392
  153.933500   15.368612   15.371247   15.369784
  154.561800   15.372961   15.375597   15.374134
  155.190100   15.377270   15.379907   15.378443
  155.818400   15.381538   15.384175   15.382711
  156.446700   15.385766   15.388403   15.386939
  157.075000   15.389954   15.392592   15.391128
  157.703300   15.394104   15.396742   15.395277
  158.331600   15.398214   15.400853   15.399388
  158.959900   15.402286   15.404925   15.403460
  159.588200   15.406321   15.408960   15.407495
  160.216500   15.410318   15.412958   15.411492
  160.844800   15.414279   15.416919   15.415453
  161.473100   15.418203   15.420844   15.419377
  162.101400   15.422091   15.424732   15.423266
  162.729700   15.425944   15.428586   15.427119
  163.358000   15.429762   15.432404   15.430937
  163.986300   15.433545   15.436188   15.434720
  164.614600   15.437294   15.439937   15.438470
  165.242900   15.441009   15.443653   15.442185
  165.871200   15.444691   15.447335   15.445867
  166.499500   15.448340   15.450985   15.449516
  167.127800   15.451957   15.454601   15.453133
  167.756100   15.455541   15.458186   15.456717
  168.384400   15.459094   15.461739   15.460270
  169.012700   15.462615   15.465260   15.463791
  169.641000   15.466105   15.468751   15.467281
  170.269300   15.469564   15.472211   15.470741
  170.897600   15.472993   15.475640   15.474170
  171.525900   15.476392   15.479039   15.477569
  172.154200   15.479762   15.482409   15.480939
  172.782500   15.483102   15.485750   15.484279
  173.410800   15.486413   15.489061   15.487591
  174.039100   15.489696   15.492344   15.490874
  174.667400   15.492950   15.495599   15.494128
  175.295700   15.496177   15.498826   15.497355
  175.924000   15.499375   15.502025   15.500554
  176.552300   15.502547   15.505197   15.503725
  177.180600   15.505691   15.508342   15.506870
  177.808900   15.508809   15.511460   15.509988
  178.437200   15.511901   15.514552   15.513080
  179.065500   15.514966   15.517617   15.516145
  179.693800   15.518006   15.520657   15.519185
  180.322100   15.521020   15.523672   15.522199
  180.950400   15.524009   15.526661   15.525188
  181.578700   15.526972   15.529625   15.528152
  182.207000   15.529912   15.532565   15.531091
  182.835300   15.532826   15.535480   15.534006
  183.463600   15.535717   15.538371   15.536897
  184.091900   15.538584   15.541238   15.539764
  184.720200   15.541427   15.544081   15.542607
  185.348500   15.544247   15.546902   15.545428
  185.976800   15.547044   15.549699   15.548225
  186.605100   15.549818   15.552473   15.550999
  187.233400   15.552570   15.555225   15.553750
  187.861700   15.555299   15.557954   15.556479
  188.490000   15.558006   15.560661   15.559187
  189.118300   15.560691   15.563347   15.561872
  189.746600   15.563354   15.566011   15.564536
  190.374900   15.565996   15.568653   15.567178
  191.003200   15.568617   15.571274   15.569799
  191.631500   15.571218   15.573875   15.572399
  192.259800   15.573797   15.576454   15.574978
  192.888100   15.576356   15.579013   15.577537
  193.516400   15.578894   15.581552   15.580076
  194.144700   15.581413   15.584071   15.582595
  194.773000   15.583911   15.586570   15.585093
  195.401300   15.586390   15.589049   15.587573
  196.029600   15.588850   15.591509   15.590032
  196.657900   15.591290   15.593950   15.592473
  197.286200   15.593712   15.596371   15.594894
  197.914500   15.596114   15.598774   15.597297
  198.542800   15.598498   15.601158   15.599681
  199.171100   15.600863   15.603523   15.602046
  199.799400   15.603210   15.605871   15.604393
  200.427700   15.605539   15.608200   15.606722
  201.056000   15.607850   15.610511   15.609033
  201.684300   15.610144   15.612805   15.611327
  202.312600   15.612420   15.615081   15.613603
  202.940900   15.614678   15.617340   15.615862
  203.569200   15.616920   15.619581   15.618103
  204.197500   15.619144   15.621806   15.620328
  204.825800   15.621351   15.624014   15.622535
  205.454100   15.623542   15.626205   15.624726
  206.082400   15.625717   15.628379   15.626901
  206.710700   15.627875   15.630538   15.629059
  207.339000   15.630017   15.632680   15.631201
  207.967300   15.632142   15.634806   15.633327
  208.595600   15.634253   15.636916   15.635437
  209.223900   15.636347   15.639011   15.637531
  209.852200   15.638426   15.641090   15.639610
  210.480500   15.640489   15.643153   15.641674
  211.108800   15.642537   15.645202   15.643722
  211.737100   15.644570   15.647235   15.645755
  212.365400   15.646589   15.649253   15.647773
  212.993700   15.648592   15.651257   15.649777
  213.622000   15.650581   15.653246   15.651766
  214.250300   15.652555   15.655220   15.653740
  214.878600   15.654515   15.657180   15.655700
  215.506900   15.656460   15.659126   15.657646
  216.135200   15.658392   15.661058   15.659577
  216.763500   15.660310   15.662976   15.661495
  217.391800   15.662213   15.664880   15.663399
  218.020100   15.664103   15.666770   15.665289
  218.648400   15.665980   15.668647   15.667166
  219.276700   15.667843   15.670510   15.669029
  219.905000   15.669693   15.672360   15.670879
  220.533300   15.671530   15.674197   15.672715
  221.161600   15.673353   15.676021   15.674539
  221.789900   15.675164   15.677831   15.676350
  222.418200   15.676962   15.679630   15.678148
  223.046500   15.678747   15.681415   15.679933
  223.674800   15.680519   15.683188   15.681706
  224.303100   15.682280   15.684948   15.683466
  224.931400   15.684027   15.686696   15.685214
  225.559700   15.685763   15.688432   15.686950
  226.188000   15.687487   15.690155   15.688673
  226.816300   15.689198   15.691867   15.690385
  227.444600   15.690898   15.693567   15.692084
  228.072900   15.692585   15.695255   15.693772
  228.701200   15.694262   15.696931   15.695448
  229.329500   15.695926   15.698596   15.697113
  229.957800   15.697579   15.700249   15.698766
  230.586100   15.699221   15.701891   15.700408
  231.214400   15.700852   15.703522   15.702039
  231.842700   15.702471   15.705141   15.703658
  232.471000   15.704080   15.706750   15.705267
  233.099300   15.705677   15.708348   15.706864
  233.727600   15.707264   15.709934   15.708451
  234.355900   15.708839   15.711510   15.710027
  234.984200   15.710405   15.713076   15.711592
  235.612500   15.711959   15.714630   15.713147
  236.240800   15.713503   15.716175   15.714691
  236.869100   15.715037   15.717709   15.716225
  237.497400   15.716561   15.719232   15.717748
  238.125700   15.718074   15.720746   15.719262
  238.754000   15.719577   15.722249   15.720765
  239.382300   15.721070   15.723742   15.722258
  240.010600   15.722554   15.725226   15.723742
  240.638900   15.724027   15.726699   15.725215
  241.267200   15.725491   15.728163   15.726679
  241.895500   15.726945   15.729617   15.728133
  242.523800   15.728389   15.731062   15.729578
  243.152100   15.729824   15.732497   15.731013
  243.780400   15.731250   15.733923   15.732438
  244.408700   15.732666   15.735339   15.733855
  245.037000   15.734073   15.736746   15.735262
  245.665300   15.735471   15.738144   15.736659
  246.293600   15.736860   15.739533   15.738048
  246.921900   15.738239   15.740913   15.739428
  247.550200   15.739610   15.742284   15.740799
  248.178500   15.740972   15.743646   15.742161
  248.806800   15.742325   15.744999   15.743514
  249.435100   15.743670   15.746344   15.744859
  250.063400   15.745005   15.747680   15.746194
  250.691700   15.746333   15.749007   15.747522
  251.320000   15.747651   15.750326   15.748841
  251.948300   15.748962   15.751637   15.750151
  252.576600   15.750264   15.752939   15.751453
  253.204900   15.751558   15.754232   15.752747
  253.833200   15.752843   15.755518   15.754032
  254.461500   15.754120   15.756796   15.755310
  255.089800   15.755390   15.758065   15.756579
  255.718100   15.756651   15.759326   15.757840
  256.346400   15.757904   15.760580   15.759094
  256.974700   15.759150   15.761826   15.760339
  257.603000   15.760388   15.763063   15.761577
  258.231300   15.761618   15.764293   15.762807
  258.859600   15.762840   15.765516   15.764030
  259.487900   15.764055   15.766731   15.765244
  260.116200   15.765262   15.767938   15.766451
  260.744500   15.766461   15.769138   15.767651
  261.372800   15.767654   15.770330   15.768843
  262.001100   15.768838   15.771515   15.770028
  262.629400   15.770016   15.772693   15.771206
  263.257700   15.771186   15.773863   15.772376
  263.886000   15.772349   15.775026   15.773539
  264.514300   15.773505   15.776182   15.774695
  265.142600   15.774654   15.777331   15.775844
  265.770900   15.775796   15.778473   15.776986
  266.399200   15.776931   15.779608   15.778121
  267.027500   15.778059   15.780736   15.779249
  267.655800   15.779180   15.781858   15.780370
  268.284100   15.780295   15.782972   15.781485
  268.912400   15.781402   15.784080   15.782593
  269.540700   15.782503   15.785181   15.783694
  270.169000   15.783598   15.786275   15.784788
  270.797300   15.784685   15.787363   15.785876
  271.425600   15.785767   15.788445   15.786957
  272.053900   15.786841   15.789520   15.788032
  272.682200   15.787910   15.790588   15.789100
  273.310500   15.788972   15.791650   15.790162
  273.938800   15.790027   15.792706   15.791218
  274.567100   15.791077   15.793755   15.792267
  275.195400   15.792120   15.794798   15.793311
  275.823700   15.793157   15.795836   15.794348
  276.452000   15.794188   15.796866   15.795378
  277.080300   15.795212   15.797891   15.796403
  277.708600   15.796231   15.798910   15.797422
  278.336900   15.797244   15.799923   15.798435
  278.965200   15.798251   15.800930   15.799442
  279.593500   15.799252   15.801931   15.800443
  280.221800   15.800247   15.802926   15.801438
  280.850100   15.801236   15.803915   15.802427
  281.478400   15.802219   15.804899   15.803411
  282.106700   15.803197   15.805877   15.804389
  282.735000   15.804169   15.806849   15.805361
  283.363300   15.805136   15.807816   15.806327
  283.991600   15.806097   15.808777   15.807288
  284.619900   15.807052   15.809732   15.808244
  285.248200   15.808002   15.810682   15.809194
  285.876500   15.808947   15.811627   15.810138
  286.504800   15.809886   15.812566   15.811077
  287.133100   15.810819   15.813500   15.812011
  287.761400   15.811747   15.814428   15.812939
  288.389700   15.812671   15.815351   15.813862
  289.018000   15.813588   15.816269   15.814780
  289.646300   15.814501   15.817182   15.815692
  290.274600   15.815408   15.818089   15.816600
  290.902900   15.816310   15.818991   15.817502
  291.531200   15.817208   15.819889   15.818399
  292.159500   15.818100   15.820781   15.819291
  292.787800   15.818987   15.821668   15.820178
  293.416100   15.819869   15.822550   15.821061
  294.044400   15.820746   15.823427   15.821938
  294.672700   15.821618   15.824299   15.822810
  295.301000   15.822485   15.825167   15.823677
  295.929300   15.823348   15.826029   15.824540
  296.557600   15.824206   15.826887   15.825398
  297.185900   15.825058   15.827740   15.826250
  297.814200   15.825907   15.828588   15.827099
  298.442500   15.826750   15.829432   15.827942
  299.070800   15.827589   15.830271   15.828781
  299.699100   15.828423   15.831105   15.829615
  300.327400   15.829253   15.831935   15.830445
  300.955700   15.830078   15.832760   15.831270
  301.584000   15.830898   15.833580   15.832090
  302.212300   15.831714   15.834396   15.832906
  302.840600   15.832526   15.835208   15.833718
  303.468900   15.833333   15.836015   15.834525
  304.097200   15.834135   15.836818   15.835328
  304.725500   15.834934   15.837616   15.836126
  305.353800   15.835728   15.838410   15.836920
  305.982100   15.836517   15.839200   15.837710
  306.610400   15.837303   15.839986   15.838495
  307.238700   15.838084   15.840767   15.839276
  307.867000   15.838861   15.841544   15.840053
  308.495300   15.839634   15.842317   15.840826
  309.123600   15.840402   15.843085   15.841595
  309.751900   15.841167   15.843850   15.842359
  310.380200   15.841927   15.844610   15.843120
  311.008500   15.842683   15.845366   15.843876
  311.636800   15.843435   15.846119   15.844628
  312.265100   15.844184   15.846867   15.845377
  312.893400   15.844928   15.847611   15.846121
  313.521700   15.845668   15.848352   15.846861
  314.150000   15.846405   15.849088   15.847598
  314.778300   15.847137   15.849821   15.848330
  315.406600   15.847866   15.850549   15.849059
  316.034900   15.848590   15.851274   15.849783
  316.663200   15.849311   15.851995   15.850504
  317.291500   15.850029   15.852712   15.851222
  317.919800   15.850742   15.853426   15.851935
  318.548100   15.851451   15.854135   15.852645
  319.176400   15.852157   15.854841   15.853351
  319.804700   15.852860   15.855544   15.854053
  320.433000   15.853558   15.856242   15.854751
  321.061300   15.854253   15.856937   15.855446
  321.689600   15.854944   15.857629   15.856138
  322.317900   15.855632   15.858316   15.856825
  322.946200   15.856316   15.859001   15.857510
  323.574500   15.856997   15.859681   15.858190
  324.202800   15.857674   15.860358   15.858867
  324.831100   15.858348   15.861032   15.859541
  325.459400   15.859018   15.861702   15.860211
  326.087700   15.859684   15.862369   15.860878
  326.716000   15.860348   15.863032   15.861541
  327.344300   15.861007   15.863692   15.862201
  327.972600   15.861664   15.864349   15.862857
  328.600900   15.862317   15.865002   15.863511
  329.229200   15.862967   15.865652   15.864160
  329.857500   15.863613   15.866298   15.864807
  330.485800   15.864257   15.866942   15.865450
  331.114100   15.864897   15.867582   15.866090
  331.742400   15.865533   15.868218   15.866727
  332.370700   15.866167   15.868852   15.867360
  332.999000   15.866797   15.869482   15.867991
  333.627300   15.867424   15.870109   15.868618
  334.255600   15.868048   15.870733   15.869242
  334.883900   15.868669   15.871354   15.869863
  335.512200   15.869287   15.871972   15.870480
  336.140500   15.869901   15.872587   15.871095
  336.768800   15.870513   15.873198   15.871706
  337.397100   15.871121   15.873807   15.872315
  338.025400   15.871727   15.874412   15.872920
  338.653700   15.872329   15.875015   15.873523
  339.282000   15.872928   15.875614   15.874122
  339.910300   15.873525   15.876211   15.874719
  340.538600   15.874118   15.876804   15.875312
  341.166900   15.874709   15.877395   15.875903
  341.795200   15.875297   15.877983   15.876491
  342.423500   15.875881   15.878567   15.877075
  343.051800   15.876463   15.879149   15.877657
  343.680100   15.877042   15.879728   15.878236
  344.308400   15.877618   15.880305   15.878812
  344.936700   15.878192   15.880878   15.879386
  345.565000   15.878762   15.881449   15.879956
  346.193300   15.879330   15.882016   15.880524
  346.821600   15.879895   15.882581   15.881089
  347.449900   15.880457   15.883144   15.881651
  348.078200   15.881017   15.883703   15.882211
  348.706500   15.881573   15.884260   15.882768
  349.334800   15.882128   15.884814   15.883322
  349.963100   15.882679   15.885366   15.883873
  350.591400   15.883228   15.885914   15.884422
  351.219700   15.883774   15.886461   15.884968
  351.848000   15.884317   15.887004   15.885512
  352.476300   15.884858   15.887545   15.886052
  353.104600   15.885396   15.888083   15.886591
  353.732900   15.885932   15.888619   15.887126
  354.361200   15.886465   15.889152   15.887659
  354.989500   15.886996   15.889683   15.888190
  355.617800   15.887524   15.890211   15.888718
  356.246100   15.888049   15.890736   15.889244
  356.874400   15.888572   15.891259   15.889767
  357.502700   15.889093   15.891780   15.890287
  358.131000   15.889611   15.892298   15.890805
  358.759300   15.890126   15.892813   15.891321
  359.387600   15.890639   15.893327   15.891834
  360.015900   15.891150   15.893837   15.892345
  360.644200   15.891658   15.894346   15.892853
  361.272500   15.892164   15.894852   15.893359
  361.900800   15.892668   15.895355   15.893862
  362.529100   15.893169   15.895857   15.894364
  363.157400   15.893668   15.896355   15.894862
  363.785700   15.894164   15.896852   15.895359
  364.414000   15.894658   15.897346   15.895853
  365.042300   15.895150   15.897838   15.896345
  365.670600   15.895640   15.898328   15.896835
  366.298900   15.896127   15.898815   15.897322
  366.927200   15.896612   15.899300   15.897807
  367.555500   15.897095   15.899783   15.898290
  368.183800   15.897575   15.900263   15.898770
  368.812100   15.898054   15.900742   15.899249
  369.440400   15.898530   15.901218   15.899725
  370.068700   15.899004   15.901692   15.900199
  370.697000   15.899475   15.902164   15.900670
  371.325300   15.899945   15.902633   15.901140
  371.953600   15.900412   15.903101   15.901607
  372.581900   15.900878   15.903566   15.902073
  373.210200   15.901341   15.904029   15.902536
  373.838500   15.901802   15.904490   15.902997
  374.466800   15.902261   15.904949   15.903456
  375.095100   15.902717   15.905406   15.903912
  375.723400   15.903172   15.905861   15.904367
  376.351700   15.903625   15.906313   15.904820
  376.980000   15.904075   15.906764   15.905270
  377.608300   15.904524   15.907212   15.905719
  378.236600   15.904970   15.907659   15.906166
  378.864900   15.905415   15.908104   15.906610
  379.493200   15.905857   15.908546   15.907053
  380.121500   15.906298   15.908987   15.907493
  380.749800   15.906736   15.909425   15.907932
  381.378100   15.907173   15.909862   15.908368
  382.006400   15.907608   15.910296   15.908803
  382.634700   15.908040   15.910729   15.909235
  383.263000   15.908471   15.911160   15.909666
  383.891300   15.908900   15.911589   15.910095
  384.519600   15.909327   15.912016   15.910522
  385.147900   15.909752   15.912441   15.910947
  385.776200   15.910175   15.912864   15.911370
  386.404500   15.910596   15.913285   15.911791
  387.032800   15.911015   15.913704   15.912210
  387.661100   15.911433   15.914122   15.912628
  388.289400   15.911848   15.914537   15.913044
  388.917700   15.912262   15.914951   15.913457
  389.546000   15.912674   15.915363   15.913869
  390.174300   15.913084   15.915773   15.914279
  390.802600   15.913492   15.916182   15.914688
  391.430900   15.913899   15.916588   15.915094
  392.059200   15.914304   15.916993   15.915499
  392.687500   15.914707   15.917396   15.915902
  393.315800   15.915108   15.917797   15.916303
  393.944100   15.915507   15.918197   15.916703
  394.572400   15.915905   15.918595   15.917101
  395.200700   15.916301   15.918991   15.917497
  395.829000   15.916695   15.919385   15.917891
  396.457300   15.917088   15.919778   15.918283
  397.085600   15.917479   15.920168   15.918674
  397.713900   15.917868   15.920558   15.919063
  398.342200   15.918255   15.920945   15.919451
  398.970500   15.918641   15.921331   15.919837
  399.598800   15.919025   15.921715   15.920221
  400.227100   15.919408   15.922098   15.920603
  400.855400   15.919789   15.922478   15.920984
  401.483700   15.920168   15.922858   15.921363
  402.112000   15.920545   15.923235   15.921741
  402.740300   15.920921   15.923611   15.922117
  403.368600   15.921296   15.923986   15.922491
  403.996900   15.921668   15.924358   15.922864
  404.625200   15.922040   15.924730   15.923235
  405.253500   15.922409   15.925099   15.923605
  405.881800   15.922777   15.925467   15.923973
  406.510100   15.923143   15.925834   15.924339
  407.138400   15.923508   15.926198   15.924704
  407.766700   15.923872   15.926562   15.925067
  408.395000   15.924233   15.926924   15.925429
  409.023300   15.924594   15.927284   15.925789
  409.651600   15.924952   15.927643   15.926148
  410.279900   15.925310   15.928000   15.926505
  410.908200   15.925665   15.928356   15.926861
  411.536500   15.926020   15.928710   15.927215
  412.164800   15.926372   15.929063   15.927568
  412.793100   15.926724   15.929414   15.927919
  413.421400   15.927073   15.929764   15.928269
  414.049700   15.927422   15.930112   15.928617
  414.678000   15.927768   15.930459   15.928964
  415.306300   15.928114   15.930804   15.929310
  415.934600   15.928458   15.931148   15.929654
  416.562900   15.928800   15.931491   15.929996
  417.191200   15.929141   15.931832   15.930337
  417.819500   15.929481   15.932172   15.930677
  418.447800   15.929819   15.932510   15.931015
  419.076100   15.930156   15.932847   15.931352
  419.704400   15.930492   15.933183   15.931688
  420.332700   15.930826   15.933517   15.932022
  420.961000   15.931159   15.933849   15.932355
  421.589300   15.931490   15.934181   15.932686
  422.217600   15.931820   15.934511   15.933016
  422.845900   15.932149   15.934840   15.933345
  423.474200   15.932476   15.935167   15.933672
  424.102500   15.932802   15.935493   15.933998
  424.730800   15.933127   15.935817   15.934323
  425.359100   15.933450   15.936141   15.934646
  425.987400   15.933772   15.936463   15.934968
  426.615700   15.934092   15.936783   15.935289
  427.244000   15.934412   15.937103   15.935608
  427.872300   15.934730   15.937421   15.935926
  428.500600   15.935047   15.937738   15.936243
  429.128900   15.935362   15.938053   15.936558
  429.757200   15.935676   15.938367   15.936872
  430.385500   15.935989   15.938680   15.937185
  431.013800   15.936301   15.938992   15.937497
  431.642100   15.936611   15.939303   15.937808
  432.270400   15.936920   15.939612   15.938117
  432.898700   15.937228   15.939920   15.938425
  433.527000   15.937535   15.940226   15.938731
  434.155300   15.937841   15.940532   15.939037
  434.783600   15.938145   15.940836   15.939341
  435.411900   15.938448   15.941139   15.939644
  436.040200   15.938750   15.941441   15.939946
  436.668500   15.939050   15.941742   15.940246
  437.296800   15.939350   15.942041   15.940546
  437.925100   15.939648   15.942339   15.940844
  438.553400   15.939945   15.942636   15.941141
  439.181700   15.940241   15.942932   15.941437
  439.810000   15.940535   15.943227   15.941732
  440.438300   15.940829   15.943520   15.942025
  441.066600   15.941121   15.943813   15.942317
  441.694900   15.941412   15.944104   15.942609
  442.323200   15.941702   15.944394   15.942899
  442.951500   15.941991   15.944683   15.943187
  443.579800   15.942279   15.944971   15.943475
  444.208100   15.942565   15.945257   15.943762
  444.836400   15.942851   15.945543   15.944047
  445.464700   15.943135   15.945827   15.944332
  446.093000   15.943419   15.946110   15.944615
  446.721300   15.943701   15.946392   15.944897
  447.349600   15.943982   15.946674   15.945178
  447.977900   15.944262   15.946953   15.945458
  448.606200   15.944541   15.947232   15.945737
  449.234500   15.944818   15.947510   15.946015
  449.862800   15.945095   15.947787   15.946291
  450.491100   15.945371   15.948062   15.946567
  451.119400   15.945645   15.948337   15.946842
  451.747700   15.945919   15.948611   15.947115
  452.376000   15.946191   15.948883   15.947388
  453.004300   15.946462   15.949154   15.947659
  453.632600   15.946733   15.949425   15.947929
  454.260900   15.947002   15.949694   15.948199
  454.889200   15.947270   15.949962   15.948467
  455.517500   15.947537   15.950229   15.948734
  456.145800   15.947804   15.950496   15.949000
  456.774100   15.948069   15.950761   15.949265
  457.402400   15.948333   15.951025   15.949529
  458.030700   15.948596   15.951288   15.949793
  458.659000   15.948858   15.951550   15.950055
  459.287300   15.949119   15.951811   15.950316
  459.915600   15.949379   15.952072   15.950576
  460.543900   15.949638   15.952331   15.950835
  461.172200   15.949897   15.952589   15.951093
  461.800500   15.950154   15.952846   15.951350
  462.428800   15.950410   15.953102   15.951607
  463.057100   15.950665   15.953358   15.951862
  463.685400   15.950919   15.953612   15.952116
  464.313700   15.951173   15.953865   15.952369
  464.942000   15.951425   15.954118   15.952622
  465.570300   15.951676   15.954369   15.952873
  466.198600   15.951927   15.954619   15.953124
  466.826900   15.952176   15.954869   15.953373
  467.455200   15.952425   15.955117   15.953622
  468.083500   15.952673   15.955365   15.953869
  468.711800   15.952919   15.955612   15.954116
  469.340100   15.953165   15.955858   15.954362
  469.968400   15.953410   15.956103   15.954607
  470.596700   15.953654   15.956346   15.954851
  471.225000   15.953897   15.956590   15.955094
  471.853300   15.954139   15.956832   15.955336
  472.481600   15.954380   15.957073   15.955577
  473.109900   15.954621   15.957313   15.955817
  473.738200   15.954860   15.957553   15.956057
  474.366500   15.955099   15.957791   15.956295
  474.994800   15.955336   15.958029   15.956533
  475.623100   15.955573   15.958266   15.956770
  476.251400   15.955809   15.958502   15.957006
  476.879700   15.956044   15.958737   15.957241
  477.508000   15.956278   15.958971   15.957475
  478.136300   15.956511   15.959204   15.957708
  478.764600   15.956744   15.959437   15.957941
  479.392900   15.956975   15.959668   15.958172
  480.021200   15.957206   15.959899   15.958403
  480.649500   15.957436   15.960129   15.958633
  481.277800   15.957665   15.960358   15.958862
  481.906100   15.957893   15.960586   15.959090
  482.534400   15.958121   15.960814   15.959318
  483.162700   15.958347   15.961040   15.959544
  483.791000   15.958573   15.961266   15.959770
  484.419300   15.958798   15.961491   15.959995
  485.047600   15.959022   15.961715   15.960219
  485.675900   15.959245   15.961938   15.960442
  486.304200   15.959468   15.962161   15.960665
  486.932500   15.959689   15.962382   15.960886
  487.560800   15.959910   15.962603   15.961107
  488.189100   15.960130   15.962823   15.961327
  488.817400   15.960349   15.963043   15.961546
  489.445700   15.960568   15.963261   15.961765
  490.074000   15.960786   15.963479   15.961983
  490.702300   15.961002   15.963696   15.962200
  491.330600   15.961219   15.963912   15.962416
  491.958900   15.961434   15.964127   15.962631
  492.587200   15.961649   15.964342   15.962846
  493.215500   15.961862   15.964556   15.963059
  493.843800   15.962075   15.964769   15.963272
  494.472100   15.962288   15.964981   15.963485
  495.100400   15.962499   15.965192   15.963696
  495.728700   15.962710   15.965403   15.963907
  496.357000   15.962920   15.965613   15.964117
  496.985300   15.963129   15.965822   15.964326
  497.613600   15.963338   15.966031   15.964535
  498.241900   15.963545   15.966239   15.964743
  498.870200   15.963752   15.966446   15.964950
  499.498500   15.963959   15.966652   15.965156
  500.126800   15.964164   15.966858   15.965362
  500.755100   15.964369   15.967063   15.965566
  501.383400   15.964573   15.967267   15.965771
  502.011700   15.964777   15.967470   15.965974
  502.640000   15.964979   15.967673   15.966177
  503.268300   15.965181   15.967875   15.966379
  503.896600   15.965383   15.968076   15.966580
  504.524900   15.965583   15.968277   15.966780
  505.153200   15.965783   15.968477   15.966980
  505.781500   15.965982   15.968676   15.967179
  506.409800   15.966181   15.968874   15.967378
  507.038100   15.966378   15.969072   15.967576
  507.666400   15.966576   15.969269   15.967773
  508.294700   15.966772   15.969466   15.967969
  508.923000   15.966968   15.969661   15.968165
  509.551300   15.967163   15.969856   15.968360
  510.179600   15.967357   15.970051   15.968554
  510.807900   15.967551   15.970244   15.968748
  511.436200   15.967744   15.970437   15.968941
  512.064500   15.967936   15.970630   15.969133
  512.692800   15.968128   15.970821   15.969325
  513.321100   15.968319   15.971012   15.969516
  513.949400   15.968509   15.971203   15.969706
  514.577700   15.968699   15.971392   15.969896
  515.206000   15.968888   15.971582   15.970085
  515.834300   15.969076   15.971770   15.970273
  516.462600   15.969264   15.971958   15.970461
  517.090900   15.969451   15.972145   15.970648
  517.719200   15.969637   15.972331   15.970835
  518.347500   15.969823   15.972517   15.971021
  518.975800   15.970008   15.972702   15.971206
  519.604100   15.970193   15.972887   15.971390
  520.232400   15.970377   15.973071   15.971574
  520.860700   15.970560   15.973254   15.971757
  521.489000   15.970743   15.973437   15.971940
  522.117300   15.970925   15.973619   15.972122
  522.745600   15.971106   15.973800   15.972304
  523.373900   15.971287   15.973981   15.972484
  524.002200   15.971467   15.974161   15.972665
  524.630500   15.971647   15.974341   15.972844
  525.258800   15.971826   15.974520   15.973023
  525.887100   15.972004   15.974698   15.973202
  526.515400   15.972182   15.974876   15.973379
  527.143700   15.972359   15.975053   15.973557
  527.772000   15.972536   15.975230   15.973733
  528.400300   15.972712   15.975406   15.973909
  529.028600   15.972887   15.975581   15.974084
  529.656900   15.973062   15.975756   15.974259
  530.285200   15.973236   15.975930   15.974433
  530.913500   15.973410   15.976104   15.974607
  531.541800   15.973583   15.976277   15.974780
  532.170100   15.973755   15.976449   15.974953
  532.798400   15.973927   15.976621   15.975124
  533.426700   15.974098   15.976793   15.975296
  534.055000   15.974269   15.976963   15.975467
  534.683300   15.974439   15.977133   15.975637
  535.311600   15.974609   15.977303   15.975806
  535.939900   15.974778   15.977472   15.975975
  536.568200   15.974946   15.977641   15.976144
  537.196500   15.975114   15.977809   15.976312
  537.824800   15.975282   15.977976   15.976479
  538.453100   15.975448   15.978143   15.976646
  539.081400   15.975615   15.978309   15.976812
  539.709700   15.975780   15.978475   15.976978
  540.338000   15.975946   15.978640   15.977143
  540.966300   15.976110   15.978805   15.977308
  541.594600   15.976274   15.978969   15.977472
  542.222900   15.976438   15.979132   15.977635
  542.851200   15.976601   15.979295   15.977798
  543.479500   15.976763   15.979458   15.977961
  544.107800   15.976925   15.979620   15.978123
  544.736100   15.977087   15.979781   15.978284
  545.364400   15.977247   15.979942   15.978445
  545.992700   15.977408   15.980102   15.978605
  546.621000   15.977568   15.980262   15.978765
  547.249300   15.977727   15.980421   15.978924
  547.877600   15.977886   15.980580   15.979083
  548.505900   15.978044   15.980738   15.979242
  549.134200   15.978202   15.980896   15.979399
  549.762500   15.978359   15.981053   15.979557
  550.390800   15.978516   15.981210   15.979713
  551.019100   15.978672   15.981366   15.979870
  551.647400   15.978828   15.981522   15.980025
  552.275700   15.978983   15.981677   15.980180
  552.904000   15.979137   15.981832   15.980335
  553.532300   15.979292   15.981986   15.980489
  554.160600   15.979445   15.982140   15.980643
  554.788900   15.979599   15.982293   15.980796
  555.417200   15.979751   15.982446   15.980949
  556.045500   15.979904   15.982598   15.981101
  556.673800   15.980055   15.982750   15.981253
  557.302100   15.980207   15.982901   15.981404
  557.930400   15.980357   15.983052   15.981555
  558.558700   15.980508   15.983202   15.981705
  559.187000   15.980657   15.983352   15.981855
  559.815300   15.980807   15.983502   15.982005
  560.443600   15.980956   15.983650   15.982153
  561.071900   15.981104   15.983799   15.982302
  561.700200   15.981252   15.983947   15.982450
  562.328500   15.981399   15.984094   15.982597
  562.956800   15.981546   15.984241   15.982744
  563.585100   15.981693   15.984388   15.982891
  564.213400   15.981839   15.984534   15.983037
  564.841700   15.981984   15.984679   15.983182
  565.470000   15.982130   15.984824   15.983327
  566.098300   15.982274   15.984969   15.983472
  566.726600   15.982418   15.985113   15.983616
  567.354900   15.982562   15.985257   15.983760
  567.983200   15.982705   15.985400   15.983903
  568.611500   15.982848   15.985543   15.984046
  569.239800   15.982991   15.985686   15.984188
  569.868100   15.983133   15.985828   15.984330
  570.496400   15.983274   15.985969   15.984472
  571.124700   15.983415   15.986110   15.984613
  571.753000   15.983556   15.986251   15.984754
  572.381300   15.983696   15.986391   15.984894
  573.009600   15.983836   15.986531   15.985033
  573.637900   15.983975   15.986670   15.985173
  574.266200   15.984114   15.986809   15.985312
  574.894500   15.984252   15.986947   15.985450
  575.522800   15.984390   15.987085   15.985588
  576.151100   15.984528   15.987223   15.985726
  576.779400   15.984665   15.987360   15.985863
  577.407700   15.984802   15.987497   15.986000
  578.036000   15.984938   15.987633   15.986136
  578.664300   15.985074   15.987769   15.986272
  579.292600   15.985209   15.987904   15.986407
  579.920900   15.985344   15.988039   15.986542
  580.549200   15.985479   15.988174   15.986677
  581.177500   15.985613   15.988308   15.986811
  581.805800   15.985747   15.988442   15.986945
  582.434100   15.985880   15.988575   15.987078
  583.062400   15.986013   15.988708   15.987211
  583.690700   15.986146   15.988841   15.987344
  584.319000   15.986278   15.988973   15.987476
  584.947300   15.986410   15.989105   15.987608
  585.575600   15.986541   15.989236   15.987739
  586.203900   15.986672   15.989367   15.987870
  586.832200   15.986802   15.989498   15.988000
  587.460500   15.986933   15.989628   15.988130
  588.088800   15.987062   15.989757   15.988260
  588.717100   15.987192   15.989887   15.988390
  589.345400   15.987321   15.990016   15.988518
  589.973700   15.987449   15.990144   15.988647
  590.602000   15.987577   15.990273   15.988775
  591.230300   15.987705   15.990400   15.988903
  591.858600   15.987832   15.990528   15.989030
  592.486900   15.987959   15.990655   15.989157
  593.115200   15.988086   15.990781   15.989284
  593.743500   15.988212   15.990908   15.989410
  594.371800   15.988338   15.991033   15.989536
  595.000100   15.988464   15.991159   15.989662
  595.628400   15.988589   15.991284   15.989787
  596.256700   15.988713   15.991409   15.989911
  596.885000   15.988838   15.991533   15.990036
  597.513300   15.988962   15.991657   15.990160
  598.141600   15.989085   15.991781   15.990283
  598.769900   15.989208   15.991904   15.990406
  599.398200   15.989331   15.992027   15.990529
  600.026500   15.989454   15.992149   15.990652
  600.654800   15.989576   15.992271   15.990774
  601.283100   15.989698   15.992393   15.990896
  601.911400   15.989819   15.992514   15.991017
  602.539700   15.989940   15.992635   15.991138
  603.168000   15.990061   15.992756   15.991259
  603.796300   15.990181   15.992876   15.991379
  604.424600   15.990301   15.992996   15.991499
  605.052900   15.990420   15.993116   15.991619
  605.681200   15.990540   15.993235   15.991738
  606.309500   15.990659   15.993354   15.991857
  606.937800   15.990777   15.993473   15.991975
  607.566100   15.990895   15.993591   15.992093
  608.194400   15.991013   15.993709   15.992211
  608.822700   15.991131   15.993826   15.992329
  609.451000   15.991248   15.993943   15.992446
  610.079300   15.991364   15.994060   15.992563
  610.707600   15.991481   15.994176   15.992679
  611.335900   15.991597   15.994293   15.992795
  611.964200   15.991713   15.994408   15.992911
  612.592500   15.991828   15.994524   15.993026
  613.220800   15.991943   15.994639   15.993141
  613.849100   15.992058   15.994754   15.993256
  614.477400   15.992172   15.994868   15.993370
  615.105700   15.992286   15.994982   15.993484
  615.734000   15.992400   15.995096   15.993598
  616.362300   15.992513   15.995209   15.993712
  616.990600   15.992627   15.995322   15.993825
  617.618900   15.992739   15.995435   15.993937
  618.247200   15.992852   15.995547   15.994050
  618.875500   15.992964   15.995659   15.994162
  619.503800   15.993075   15.995771   15.994274
  620.132100   15.993187   15.995883   15.994385
  620.760400   15.993298   15.995994   15.994496
  621.388700   15.993409   15.996105   15.994607
  622.017000   15.993519   15.996215   15.994717
  622.645300   15.993629   15.996325   15.994828
  623.273600   15.993739   15.996435   15.994937
  623.901900   15.993849   15.996544   15.995047
  624.530200   15.993958   15.996654   15.995156
  625.158500   15.994067   15.996763   15.995265
  625.786800   15.994175   15.996871   15.995373
  626.415100   15.994284   15.996979   15.995482
  627.043400   15.994391   15.997087   15.995590
  627.671700   15.994499   15.997195   15.995697
  628.300000   15.994606   15.997302   15.995805
  628.928300   15.994713   15.997409   15.995912
  629.556600   15.994820   15.997516   15.996018
  630.184900   15.994927   15.997622   15.996125
  630.813200   15.995033   15.997728   15.996231
  631.441500   15.995138   15.997834   15.996337
  632.069800   15.995244   15.997940   15.996442
  632.698100   15.995349   15.998045   15.996547
  633.326400   15.995454   15.998150   15.996652
  633.954700   15.995558   15.998254   15.996757
  634.583000   15.995663   15.998359   15.996861
  635.211300   15.995767   15.998463   15.996965
  635.839600   15.995870   15.998566   15.997069
  636.467900   15.995974   15.998670   15.997172
  637.096200   15.996077   15.998773   15.997275
  637.724500   15.996180   15.998876   15.997378
  638.352800   15.996282   15.998978   15.997481
  638.981100   15.996385   15.999080   15.997583
  639.609400   15.996486   15.999182   15.997685
  640.237700   15.996588   15.999284   15.997786
  640.866000   15.996689   15.999385   15.997888
  641.494300   15.996791   15.999487   15.997989
  642.122600   15.996891   15.999587   15.998090
  642.750900   15.996992   15.999688   15.998190
  643.379200   15.997092   15.999788   15.998290
  644.007500   15.997192   15.999888   15.998390
  644.635800   15.997292   15.999988   15.998490
  645.264100   15.997391   16.000087   15.998589
  645.892400   15.997490   16.000186   15.998688
  646.520700   15.997589   16.000285   15.998787
  647.149000   15.997688   16.000384   15.998886
  647.777300   15.997786   16.000482   15.998984
  648.405600   15.997884   16.000580   15.999082
  649.033900   15.997982   16.000678   15.999180
  649.662200   15.998079   16.000775   15.999277
  650.290500   15.998176   16.000872   15.999375
  650.918800   15.998273   16.000969   15.999471
  651.547100   15.998370   16.001066   15.999568
  652.175400   15.998466   16.001162   15.999665
  652.803700   15.998562   16.001258   15.999761
  653.432000   15.998658   16.001354   15.999857
  654.060300   15.998754   16.001450   15.999952
  654.688600   15.998849   16.001545   16.000047
  655.316900   15.998944   16.001640   16.000142
  655.945200   15.999039   16.001735   16.000237
  656.573500   15.999133   16.001830   16.000332
  657.201800   15.999228   16.001924   16.000426
  657.830100   15.999322   16.002018   16.000520
  658.458400   15.999415   16.002112   16.000614
  659.086700   15.999509   16.002205   16.000707
  659.715000   15.999602   16.002298   16.000801
  660.343300   15.999695   16.002391   16.000894
  660.971600   15.999788   16.002484   16.000986
  661.599900   15.999880   16.002577   16.001079
  662.228200   15.999973   16.002669   16.001171
  662.856500   16.000065   16.002761   16.001263
  663.484800   16.000156   16.002853   16.001355
  664.113100   16.000248   16.002944   16.001446
  664.741400   16.000339   16.003035   16.001537
  665.369700   16.000430   16.003126   16.001628
  665.998000   16.000521   16.003217   16.001719
  666.626300   16.000611   16.003307   16.001810
  667.254600   16.000701   16.003398   16.001900
  667.882900   16.000791   16.003488   16.001990
  668.511200   16.000881   16.003577   16.002080
  669.139500   16.000971   16.003667   16.002169
  669.767800   16.001060   16.003756   16.002258
  670.396100   16.001149   16.003845   16.002347
  671.024400   16.001238   16.003934   16.002436
  671.652700   16.001326   16.004023   16.002525
  672.281000   16.001414   16.004111   16.002613
  672.909300   16.001503   16.004199   16.002701
  673.537600   16.001590   16.004287   16.002789
  674.165900   16.001678   16.004374   16.002876
  674.794200   16.001765   16.004462   16.002964
  675.422500   16.001852   16.004549   16.003051
  676.050800   16.001939   16.004636   16.003138
  676.679100   16.002026   16.004722   16.003224
  677.307400   16.002112   16.004809   16.003311
  677.935700   16.002199   16.004895   16.003397
  678.564000   16.002284   16.004981   16.003483
  679.192300   16.002370   16.005067   16.003569
  679.820600   16.002456   16.005152   16.003654
  680.448900   16.002541   16.005237   16.003739
  681.077200   16.002626   16.005322   16.003824
  681.705500   16.002711   16.005407   16.003909
  682.333800   16.002795   16.005492   16.003994
  682.962100   16.002880   16.005576   16.004078
  683.590400   16.002964   16.005660   16.004162
  684.218700   16.003048   16.005744   16.004246
  684.847000   16.003132   16.005828   16.004330
  685.475300   16.003215   16.005911   16.004413
  686.103600   16.003298   16.005995   16.004497
  686.731900   16.003381   16.006078   16.004580
  687.360200   16.003464   16.006161   16.004663
  687.988500   16.003547   16.006243   16.004745
  688.616800   16.003629   16.006326   16.004828
  689.245100   16.003711   16.006408   16.004910
  689.873400   16.003793   16.006490   16.004992
  690.501700   16.003875   16.006571   16.005073
  691.130000   16.003956   16.006653   16.005155
  691.758300   16.004038   16.006734   16.005236
  692.386600   16.004119   16.006815   16.005317
  693.014900   16.004200   16.006896   16.005398
  693.643200   16.004280   16.006977   16.005479
  694.271500   16.004361   16.007057   16.005559
  694.899800   16.004441   16.007138   16.005639
  695.528100   16.004521   16.007218   16.005719
  696.156400   16.004601   16.007297   16.005799
  696.784700   16.004680   16.007377   16.005879
  697.413000   16.004760   16.007456   16.005958
  698.041300   16.004839   16.007536   16.006038
  698.669600   16.004918   16.007615   16.006117
  699.297900   16.004997   16.007693   16.006195
  699.926200   16.005075   16.007772   16.006274
  700.554500   16.005154   16.007850   16.006352
  701.182800   16.005232   16.007929   16.006430
  701.811100   16.005310   16.008006   16.006508
  702.439400   16.005388   16.008084   16.006586
  703.067700   16.005465   16.008162   16.006664
  703.696000   16.005543   16.008239   16.006741
  704.324300   16.005620   16.008316   16.006818
  704.952600   16.005697   16.008393   16.006895
  705.580900   16.005773   16.008470   16.006972
  706.209200   16.005850   16.008547   16.007049
  706.837500   16.005926   16.008623   16.007125
  707.465800   16.006003   16.008699   16.007201
  708.094100   16.006079   16.008775   16.007277
  708.722400   16.006154   16.008851   16.007353
  709.350700   16.006230   16.008927   16.007428
  709.979000   16.006305   16.009002   16.007504
  710.607300   16.006380   16.009077   16.007579
  711.235600   16.006456   16.009152   16.007654
  711.863900   16.006530   16.009227   16.007729
  712.492200   16.006605   16.009302   16.007804
  713.120500   16.006679   16.009376   16.007878
  713.748800   16.006754   16.009450   16.007952
  714.377100   16.006828   16.009524   16.008026
  715.005400   16.006902   16.009598   16.008100
  715.633700   16.006975   16.009672   16.008174
  716.262000   16.007049   16.009746   16.008247
  716.890300   16.007122   16.009819   16.008321
  717.518600   16.007195   16.009892   16.008394
  718.146900   16.007268   16.009965   16.008467
  718.775200   16.007341   16.010038   16.008539
  719.403500   16.007413   16.010110   16.008612
  720.031800   16.007486   16.010183   16.008684
  720.660100   16.007558   16.010255   16.008757
  721.288400   16.007630   16.010327   16.008829
  721.916700   16.007702   16.010399   16.008900
  722.545000   16.007774   16.010470   16.008972
  723.173300   16.007845   16.010542   16.009044
  723.801600   16.007916   16.010613   16.009115
  724.429900   16.007987   16.010684   16.009186
  725.058200   16.008058   16.010755   16.009257
  725.686500   16.008129   16.010826   16.009328
  726.314800   16.008200   16.010897   16.009398
  726.943100   16.008270   16.010967   16.009469
  727.571400   16.008340   16.011037   16.009539
  728.199700   16.008410   16.011107   16.009609
  728.828000   16.008480   16.011177   16.009679
  729.456300   16.008550   16.011247   16.009749
  730.084600   16.008619   16.011316   16.009818
  730.712900   16.008689   16.011386   16.009887
  731.341200   16.008758   16.011455   16.009957
  731.969500   16.008827   16.011524   16.010026
  732.597800   16.008896   16.011593   16.010094
  733.226100   16.008964   16.011661   16.010163
  733.854400   16.009033   16.011730   16.010232
  734.482700   16.009101   16.011798   16.010300
  735.111000   16.009169   16.011866   16.010368
  735.739300   16.009237   16.011934   16.010436
  736.367600   16.009305   16.012002   16.010504
  736.995900   16.009373   16.012070   16.010572
  737.624200   16.009440   16.012137   16.010639
  738.252500   16.009508   16.012205   16.010706
  738.880800   16.009575   16.012272   16.010774
  739.509100   16.009642   16.012339   16.010841
  740.137400   16.009709   16.012406   16.010907
  740.765700   16.009775   16.012472   16.010974
  741.394000   16.009842   16.012539   16.011041
  742.022300   16.009908   16.012605   16.011107
  742.650600   16.009974   16.012671   16.011173
  743.278900   16.010040   16.012737   16.011239
  743.907200   16.010106   16.012803   16.011305
  744.535500   16.010172   16.012869   16.011371
  745.163800   16.010237   16.012934   16.011436
  745.792100   16.010303   16.013000   16.011501
  746.420400   16.010368   16.013065   16.011567
  747.048700   16.010433   16.013130   16.011632
  747.677000   16.010498   16.013195   16.011697
  748.305300   16.010563   16.013260   16.011761
  748.933600   16.010627   16.013324   16.011826
  749.561900   16.010691   16.013389   16.011890
  750.190200   16.010756   16.013453   16.011954
  750.818500   16.010820   16.013517   16.012019
  751.446800   16.010884   16.013581   16.012082
  752.075100   16.010948   16.013645   16.012146
  752.703400   16.011011   16.013708   16.012210
  753.331700   16.011075   16.013772   16.012273
  753.960000   16.011138   16.013835   16.012337
  754.588300   16.011201   16.013898   16.012400
  755.216600   16.011264   16.013961   16.012463
  755.844900   16.011327   16.014024   16.012526
  756.473200   16.011390   16.014087   16.012588
  757.101500   16.011452   16.014149   16.012651
  757.729800   16.011515   16.014212   16.012713
  758.358100   16.011577   16.014274   16.012776
  758.986400   16.011639   16.014336   16.012838
  759.614700   16.011701   16.014398   16.012900
  760.243000   16.011763   16.014460   16.012962
  760.871300   16.011824   16.014522   16.013023
  761.499600   16.011886   16.014583   16.013085
  762.127900   16.011947   16.014644   16.013146
  762.756200   16.012009   16.014706   16.013207
  763.384500   16.012070   16.014767   16.013268
  764.012800   16.012131   16.014828   16.013329
  764.641100   16.012191   16.014888   16.013390
  765.269400   16.012252   16.014949   16.013451
  765.897700   16.012312   16.015010   16.013511
  766.526000   16.012373   16.015070   16.013572
  767.154300   16.012433   16.015130   16.013632
  767.782600   16.012493   16.015190   16.013692
  768.410900   16.012553   16.015250   16.013752
  769.039200   16.012613   16.015310   16.013811
  769.667500   16.012672   16.015370   16.013871
  770.295800   16.012732   16.015429   16.013931
  770.924100   16.012791   16.015488   16.013990
  771.552400   16.012850   16.015548   16.014049
  772.180700   16.012909   16.015607   16.014108
  772.809000   16.012968   16.015666   16.014167
  773.437300   16.013027   16.015724   16.014226
  774.065600   16.013086   16.015783   16.014285
  774.693900   16.013144   16.015842   16.014343
  775.322200   16.013203   16.015900   16.014401
  775.950500   16.013261   16.015958   16.014460
  776.578800   16.013319   16.016016   16.014518
  777.207100   16.013377   16.016074   16.014576
  777.835400   16.013435   16.016132   16.014634
  778.463700   16.013492   16.016190   16.014691
  779.092000   16.013550   16.016247   16.014749
  779.720300   16.013607   16.016305   16.014806
  780.348600   16.013665   16.016362   16.014864
  780.976900   16.013722   16.016419   16.014921
  781.605200   16.013779   16.016476   16.014978
  782.233500   16.013836   16.016533   16.015035
  782.861800   16.013893   16.016590   16.015091
  783.490100   16.013949   16.016646   16.015148
  784.118400   16.014006   16.016703   16.015204
  784.746700   16.014062   16.016759   16.015261
  785.375000   16.014118   16.016815   16.015317
  786.003300   16.014174   16.016872   16.015373
  786.631600   16.014230   16.016928   16.015429
  787.259900   16.014286   16.016983   16.015485
  787.888200   16.014342   16.017039   16.015541
  788.516500   16.014397   16.017095   16.015596
  789.144800   16.014453   16.017150   16.015652
  789.773100   16.014508   16.017205   16.015707
  790.401400   16.014563   16.017261   16.015762
  791.029700   16.014618   16.017316   16.015817
  791.658000   16.014673   16.017371   16.015872
  792.286300   16.014728   16.017425   16.015927
  792.914600   16.014783   16.017480   16.015982
  793.542900   16.014837   16.017535   16.016036
  794.171200   16.014892   16.017589   16.016091
  794.799500   16.014946   16.017643   16.016145
  795.427800   16.015000   16.017698   16.016199
  796.056100   16.015054   16.017752   16.016253
  796.684400   16.015108   16.017806   16.016307
  797.312700   16.015162   16.017859   16.016361
  797.941000   16.015216   16.017913   16.016414
  798.569300   16.015269   16.017967   16.016468
  799.197600   16.015323   16.018020   16.016521
  799.825900   16.015376   16.018073   16.016575
  800.454200   16.015429   16.018126   16.016628
  801.082500   16.015482   16.018180   16.016681
  801.710800   16.015535   16.018232   16.016734
  802.339100   16.015588   16.018285   16.016787
  802.967400   16.015641   16.018338   16.016839
  803.595700   16.015693   16.018391   16.016892
  804.224000   16.015746   16.018443   16.016945
  804.852300   16.015798   16.018495   16.016997
  805.480600   16.015850   16.018548   16.017049
  806.108900   16.015902   16.018600   16.017101
  806.737200   16.015954   16.018652   16.017153
  807.365500   16.016006   16.018704   16.017205
  807.993800   16.016058   16.018755   16.017257
  808.622100   16.016110   16.018807   16.017308
  809.250400   16.016161   16.018859   16.017360
  809.878700   16.016212   16.018910   16.017411
  810.507000   16.016264   16.018961   16.017463
  811.135300   16.016315   16.019012   16.017514
  811.763600   16.016366   16.019063   16.017565
  812.391900   16.016417   16.019114   16.017616
  813.020200   16.016468   16.019165   16.017667
  813.648500   16.016518   16.019216   16.017717
  814.276800   16.016569   16.019266   16.017768
  814.905100   16.016619   16.019317   16.017818
  815.533400   16.016670   16.019367   16.017869
  816.161700   16.016720   16.019418   16.017919
  816.790000   16.016770   16.019468   16.017969
  817.418300   16.016820   16.019518   16.018019
  818.046600   16.016870   16.019568   16.018069
  818.674900   16.016920   16.019617   16.018119
  819.303200   16.016970   16.019667   16.018169
  819.931500   16.017019   16.019717   16.018218
  820.559800   16.017069   16.019766   16.018268
  821.188100   16.017118   16.019816   16.018317
  821.816400   16.017167   16.019865   16.018366
  822.444700   16.017216   16.019914   16.018415
  823.073000   16.017265   16.019963   16.018464
  823.701300   16.017314   16.020012   16.018513
  824.329600   16.017363   16.020061   16.018562
  824.957900   16.017412   16.020109   16.018611
  825.586200   16.017460   16.020158   16.018659
  826.214500   16.017509   16.020207   16.018708
  826.842800   16.017557   16.020255   16.018756
  827.471100   16.017606   16.020303   16.018805
  828.099400   16.017654   16.020351   16.018853
  828.727700   16.017702   16.020399   16.018901
  829.356000   16.017750   16.020447   16.018949
  829.984300   16.017798   16.020495   16.018997
  830.612600   16.017845   16.020543   16.019044
  831.240900   16.017893   16.020591   16.019092
  831.869200   16.017941   16.020638   16.019139
  832.497500   16.017988   16.020686   16.019187
  833.125800   16.018035   16.020733   16.019234
  833.754100   16.018082   16.020780   16.019281
  834.382400   16.018130   16.020827   16.019329
  835.010700   16.018177   16.020874   16.019376
  835.639000   16.018223   16.020921   16.019422
  836.267300   16.018270   16.020968   16.019469
  836.895600   16.018317   16.021015   16.019516
  837.523900   16.018364   16.021061   16.019563
  838.152200   16.018410   16.021108   16.019609
  838.780500   16.018456   16.021154   16.019655
  839.408800   16.018503   16.021200   16.019702
  840.037100   16.018549   16.021247   16.019748
  840.665400   16.018595   16.021293   16.019794
  841.293700   16.018641   16.021339   16.019840
  841.922000   16.018687   16.021385   16.019886
  842.550300   16.018733   16.021430   16.019932
  843.178600   16.018778   16.021476   16.019977
  843.806900   16.018824   16.021522   16.020023
  844.435200   16.018869   16.021567   16.020068
  845.063500   16.018915   16.021613   16.020114
  845.691800   16.018960   16.021658   16.020159
  846.320100   16.019005   16.021703   16.020204
  846.948400   16.019050   16.021748   16.020249
  847.576700   16.019095   16.021793   16.020294
  848.205000   16.019140   16.021838   16.020339
  848.833300   16.019185   16.021883   16.020384
  849.461600   16.019230   16.021928   16.020429
  850.089900   16.019274   16.021972   16.020473
  850.718200   16.019319   16.022017   16.020518
  851.346500   16.019363   16.022061   16.020562
  851.974800   16.019408   16.022105   16.020607
  852.603100   16.019452   16.022150   16.020651
  853.231400   16.019496   16.022194   16.020695
  853.859700   16.019540   16.022238   16.020739
  854.488000   16.019584   16.022282   16.020783
  855.116300   16.019628   16.022326   16.020827
  855.744600   16.019672   16.022369   16.020871
  856.372900   16.019715   16.022413   16.020914
  857.001200   16.019759   16.022457   16.020958
  857.629500   16.019802   16.022500   16.021001
  858.257800   16.019846   16.022543   16.021045
  858.886100   16.019889   16.022587   16.021088
  859.514400   16.019932   16.022630   16.021131
  860.142700   16.019975   16.022673   16.021174
  860.771000   16.020018   16.022716   16.021217
  861.399300   16.020061   16.022759   16.021260
  862.027600   16.020104   16.022802   16.021303
  862.655900   16.020147   16.022844   16.021346
  863.284200   16.020189   16.022887   16.021388
  863.912500   16.020232   16.022930   16.021431
  864.540800   16.020274   16.022972   16.021473
  865.169100   16.020317   16.023015   16.021516
  865.797400   16.020359   16.023057   16.021558
  866.425700   16.020401   16.023099   16.021600
  867.054000   16.020443   16.023141   16.021642
  867.682300   16.020485   16.023183   16.021684
  868.310600   16.020527   16.023225   16.021726
  868.938900   16.020569   16.023267   16.021768
  869.567200   16.020611   16.023309   16.021810
  870.195500   16.020652   16.023350   16.021852
  870.823800   16.020694   16.023392   16.021893
  871.452100   16.020735   16.023433   16.021935
  872.080400   16.020777   16.023475   16.021976
  872.708700   16.020818   16.023516   16.022017
  873.337000   16.020859   16.023557   16.022058
  873.965300   16.020901   16.023598   16.022100
  874.593600   16.020942   16.023639   16.022141
  875.221900   16.020983   16.023680   16.022182
  875.850200   16.021023   16.023721   16.022222
  876.478500   16.021064   16.023762   16.022263
  877.106800   16.021105   16.023803   16.022304
  877.735100   16.021146   16.023843   16.022345
  878.363400   16.021186   16.023884   16.022385
  878.991700   16.021226   16.023924   16.022426
  879.620000   16.021267   16.023965   16.022466
  880.248300   16.021307   16.024005   16.022506
  880.876600   16.021347   16.024045   16.022546
  881.504900   16.021387   16.024085   16.022587
  882.133200   16.021427   16.024125   16.022627
  882.761500   16.021467   16.024165   16.022666
  883.389800   16.021507   16.024205   16.022706
  884.018100   16.021547   16.024245   16.022746
  884.646400   16.021587   16.024285   16.022786
  885.274700   16.021626   16.024324   16.022825
  885.903000   16.021666   16.024364   16.022865
  886.531300   16.021705   16.024403   16.022904
  887.159600   16.021745   16.024443   16.022944
  887.787900   16.021784   16.024482   16.022983
  888.416200   16.021823   16.024521   16.023022
  889.044500   16.021862   16.024560   16.023061
  889.672800   16.021901   16.024599   16.023100
  890.301100   16.021940   16.024638   16.023139
  890.929400   16.021979   16.024677   16.023178
  891.557700   16.022018   16.024716   16.023217
  892.186000   16.022057   16.024755   16.023256
  892.814300   16.022095   16.024793   16.023294
  893.442600   16.022134   16.024832   16.023333
  894.070900   16.022172   16.024870   16.023371
  894.699200   16.022211   16.024909   16.023410
  895.327500   16.022249   16.024947   16.023448
  895.955800   16.022287   16.024985   16.023486
  896.584100   16.022325   16.025023   16.023525
  897.212400   16.022364   16.025061   16.023563
  897.840700   16.022402   16.025100   16.023601
  898.469000   16.022439   16.025137   16.023639
  899.097300   16.022477   16.025175   16.023676
  899.725600   16.022515   16.025213   16.023714
  900.353900   16.022553   16.025251   16.023752
  900.982200   16.022590   16.025288   16.023790
  901.610500   16.022628   16.025326   16.023827
  902.238800   16.022665   16.025363   16.023865
  902.867100   16.022703   16.025401   16.023902
  903.495400   16.022740   16.025438   16.023939
  904.123700   16.022777   16.025475   16.023976
  904.752000   16.022815   16.025512   16.024014
  905.380300   16.022852   16.025550   16.024051
  906.008600   16.022889   16.025587   16.024088
  906.636900   16.022926   16.025624   16.024125
  907.265200   16.022962   16.025660   16.024162
  907.893500   16.022999   16.025697   16.024198
  908.521800   16.023036   16.025734   16.024235
  909.150100   16.023073   16.025771   16.024272
  909.778400   16.023109   16.025807   16.024308
  910.406700   16.023146   16.025844   16.024345
  911.035000   16.023182   16.025880   16.024381
  911.663300   16.023218   16.025916   16.024417
  912.291600   16.023255   16.025953   16.024454
  912.919900   16.023291   16.025989   16.024490
  913.548200   16.023327   16.026025   16.024526
  914.176500   16.023363   16.026061   16.024562
  914.804800   16.023399   16.026097   16.024598
  915.433100   16.023435   16.026133   16.024634
  916.061400   16.023471   16.026169   16.024670
  916.689700   16.023506   16.026204   16.024706
  917.318000   16.023542   16.026240   16.024741
  917.946300   16.023578   16.026276   16.024777
  918.574600   16.023613   16.026311   16.024812
  919.202900   16.023649   16.026347   16.024848
  919.831200   16.023684   16.026382   16.024883
  920.459500   16.023719   16.026418   16.024919
  921.087800   16.023755   16.026453   16.024954
  921.716100   16.023790   16.026488   16.024989
  922.344400   16.023825   16.026523   16.025024
  922.972700   16.023860   16.026558   16.025059
  923.601000   16.023895   16.026593   16.025094
  924.229300   16.023930   16.026628   16.025129
  924.857600   16.023965   16.026663   16.025164
  925.485900   16.024000   16.026698   16.025199
  926.114200   16.024034   16.026732   16.025233
  926.742500   16.024069   16.026767   16.025268
  927.370800   16.024103   16.026802   16.025303
  927.999100   16.024138   16.026836   16.025337
  928.627400   16.024172   16.026870   16.025372
  929.255700   16.024207   16.026905   16.025406
  929.884000   16.024241   16.026939   16.025440
  930.512300   16.024275   16.026973   16.025474
  931.140600   16.024309   16.027007   16.025509
  931.768900   16.024343   16.027042   16.025543
  932.397200   16.024377   16.027076   16.025577
  933.025500   16.024411   16.027110   16.025611
  933.653800   16.024445   16.027143   16.025644
  934.282100   16.024479   16.027177   16.025678
  934.910400   16.024513   16.027211   16.025712
  935.538700   16.024547   16.027245   16.025746
  936.167000   16.024580   16.027278   16.025779
  936.795300   16.024614   16.027312   16.025813
  937.423600   16.024647   16.027345   16.025846
  938.051900   16.024681   16.027379   16.025880
  938.680200   16.024714   16.027412   16.025913
  939.308500   16.024747   16.027445   16.025946
  939.936800   16.024780   16.027479   16.025980
  940.565100   16.024814   16.027512   16.026013
  941.193400   16.024847   16.027545   16.026046
  941.821700   16.024880   16.027578   16.026079
  942.450000   16.024913   16.027611   16.026112
  943.078300   16.024946   16.027644   16.026145
  943.706600   16.024978   16.027677   16.026178
  944.334900   16.025011   16.027709   16.026210
  944.963200   16.025044   16.027742   16.026243
  945.591500   16.025077   16.027775   16.026276
  946.219800   16.025109   16.027807   16.026308
  946.848100   16.025142   16.027840   16.026341
  947.476400   16.025174   16.027872   16.026373
  948.104700   16.025206   16.027905   16.026406
  948.733000   16.025239   16.027937   16.026438
  949.361300   16.025271   16.027969   16.026470
  949.989600   16.025303   16.028001   16.026502
  950.617900   16.025335   16.028034   16.026535
  951.246200   16.025367   16.028066   16.026567
  951.874500   16.025399   16.028098   16.026599
  952.502800   16.025431   16.028130   16.026631
  953.131100   16.025463   16.028161   16.026663
  953.759400   16.025495   16.028193   16.026694
  954.387700   16.025527   16.028225   16.026726
  955.016000   16.025559   16.028257   16.026758
  955.644300   16.025590   16.028288   16.026789
  956.272600   16.025622   16.028320   16.026821
  956.900900   16.025653   16.028352   16.026853
  957.529200   16.025685   16.028383   16.026884
  958.157500   16.025716   16.028414   16.026915
  958.785800   16.025748   16.028446   16.026947
  959.414100   16.025779   16.028477   16.026978
  960.042400   16.025810   16.028508   16.027009
  960.670700   16.025841   16.028539   16.027040
  961.299000   16.025872   16.028570   16.027071
  961.927300   16.025903   16.028602   16.027103
  962.555600   16.025934   16.028632   16.027133
  963.183900   16.025965   16.028663   16.027164
  963.812200   16.025996   16.028694   16.027195
  964.440500   16.026027   16.028725   16.027226
  965.068800   16.026058   16.028756   16.027257
  965.697100   16.026088   16.028786   16.027287
  966.325400   16.026119   16.028817   16.027318
  966.953700   16.026149   16.028848   16.027349
  967.582000   16.026180   16.028878   16.027379
  968.210300   16.026210   16.028909   16.027410
  968.838600   16.026241   16.028939   16.027440
  969.466900   16.026271   16.028969   16.027470
  970.095200   16.026301   16.029000   16.027501
  970.723500   16.026332   16.029030   16.027531
  971.351800   16.026362   16.029060   16.027561
  971.980100   16.026392   16.029090   16.027591
  972.608400   16.026422   16.029120   16.027621
  973.236700   16.026452   16.029150   16.027651
  973.865000   16.026482   16.029180   16.027681
  974.493300   16.026512   16.029210   16.027711
  975.121600   16.026542   16.029240   16.027741
  975.749900   16.026571   16.029270   16.027771
  976.378200   16.026601   16.029299   16.027800
  977.006500   16.026631   16.029329   16.027830
  977.634800   16.026660   16.029358   16.027859
  978.263100   16.026690   16.029388   16.027889
  978.891400   16.026719   16.029418   16.027918
  979.519700   16.026749   16.029447   16.027948
  980.148000   16.026778   16.029476   16.027977
  980.776300   16.026807   16.029506   16.028007
  981.404600   16.026837   16.029535   16.028036
  982.032900   16.026866   16.029564   16.028065
  982.661200   16.026895   16.029593   16.028094
  983.289500   16.026924   16.029622   16.028123
  983.917800   16.026953   16.029651   16.028152
  984.546100   16.026982   16.029680   16.028181
  985.174400   16.027011   16.029709   16.028210
  985.802700   16.027040   16.029738   16.028239
  986.431000   16.027069   16.029767   16.028268
  987.059300   16.027097   16.029796   16.028297
  987.687600   16.027126   16.029824   16.028325
  988.315900   16.027155   16.029853   16.028354
  988.944200   16.027183   16.029882   16.028383
  989.572500   16.027212   16.029910   16.028411
  990.200800   16.027240   16.029939   16.028440
  990.829100   16.027269   16.029967   16.028468
  991.457400   16.027297   16.029996   16.028497
  992.085700   16.027326   16.030024   16.028525
  992.714000   16.027354   16.030052   16.028553
  993.342300   16.027382   16.030081   16.028581
  993.970600   16.027410   16.030109   16.028610
  994.598900   16.027439   16.030137   16.028638
  995.227200   16.027467   16.030165   16.028666
  995.855500   16.027495   16.030193   16.028694
  996.483800   16.027523   16.030221   16.028722
  997.112100   16.027551   16.030249   16.028750
  997.740400   16.027578   16.030277   16.028778
  998.368700   16.027606   16.030305   16.028805
  998.997000   16.027634   16.030332   16.028833
  999.625300   16.027662   16.030360   16.028861
 1000.253600   16.027689   16.030388   16.028889
 1000.881900   16.027717   16.030415   16.028916
 1001.510200   16.027745   16.030443   16.028944
 1002.138500   16.027772   16.030470   16.028971
 1002.766800   16.027799   16.030498   16.028999
 1003.395100   16.027827   16.030525   16.029026
 1004.023400   16.027854   16.030553   16.029054
 1004.651700   16.027882   16.030580   16.029081
 1005.280000   16.027909   16.030607   16.029108
 1005.908300   16.027936   16.030634   16.029135
 1006.536600   16.027963   16.030662   16.029162
 1007.164900   16.027990   16.030689   16.029190
 1007.793200   16.028017   16.030716   16.029217
 1008.421500   16.028044   16.030743   16.029244
 1009.049800   16.028071   16.030770   16.029271
 1009.678100   16.028098   16.030797   16.029298
 1010.306400   16.028125   16.030823   16.029324
 1010.934700   16.028152   16.030850   16.029351
 1011.563000   16.028179   16.030877   16.029378
 1012.191300   16.028205   16.030904   16.029405
 1012.819600   16.028232   16.030930   16.029431
 1013.447900   16.028259   16.030957   16.029458
 1014.076200   16.028285   16.030984   16.029485
 1014.704500   16.028312   16.031010   16.029511
 1015.332800   16.028338   16.031037   16.029538
 1015.961100   16.028365   16.031063   16.029564
 1016.589400   16.028391   16.031089   16.029590
 1017.217700   16.028417   16.031116   16.029617
 1017.846000   16.028444   16.031142   16.029643
 1018.474300   16.028470   16.031168   16.029669
 1019.102600   16.028496   16.031194   16.029695
 1019.730900   16.028522   16.031221   16.029721
 1020.359200   16.028548   16.031247   16.029748
 1020.987500   16.028574   16.031273   16.029774
 1021.615800   16.028600   16.031299   16.029800
 1022.244100   16.028626   16.031325   16.029826
 1022.872400   16.028652   16.031351   16.029851
 1023.500700   16.028678   16.031376   16.029877
 1024.129000   16.028704   16.031402   16.029903
 1024.757300   16.028730   16.031428   16.029929
 1025.385600   16.028755   16.031454   16.029955
 1026.013900   16.028781   16.031479   16.029980
 1026.642200   16.028807   16.031505   16.030006
 1027.270500   16.028832   16.031531   16.030031
 1027.898800   16.028858   16.031556   16.030057
 1028.527100   16.028883   16.031582   16.030082
 1029.155400   16.028909   16.031607   16.030108
 1029.783700   16.028934   16.031632   16.030133
 1030.412000   16.028959   16.031658   16.030159
 1031.040300   16.028985   16.031683   16.030184
 1031.668600   16.029010   16.031708   16.030209
 1032.296900   16.029035   16.031734   16.030234
 1032.925200   16.029060   16.031759   16.030260
 1033.553500   16.029085   16.031784   16.030285
 1034.181800   16.029110   16.031809   16.030310
 1034.810100   16.029135   16.031834   16.030335
 1035.438400   16.029160   16.031859   16.030360
 1036.066700   16.029185   16.031884   16.030385
 1036.695000   16.029210   16.031909   16.030410
 1037.323300   16.029235   16.031934   16.030434
 1037.951600   16.029260   16.031958   16.030459
 1038.579900   16.029285   16.031983   16.030484
 1039.208200   16.029309   16.032008   16.030509
 1039.836500   16.029334   16.032033   16.030533
 1040.464800   16.029359   16.032057   16.030558
 1041.093100   16.029383   16.032082   16.030583
 1041.721400   16.029408   16.032106   16.030607
 1042.349700   16.029432   16.032131   16.030632
 1042.978000   16.029457   16.032155   16.030656
 1043.606300   16.029481   16.032180   16.030681
 1044.234600   16.029506   16.032204   16.030705
 1044.862900   16.029530   16.032228   16.030729
 1045.491200   16.029554   16.032253   16.030753
 1046.119500   16.029578   16.032277   16.030778
 1046.747800   16.029603   16.032301   16.030802
 1047.376100   16.029627   16.032325   16.030826
 1048.004400   16.029651   16.032349   16.030850
 1048.632700   16.029675   16.032373   16.030874
 1049.261000   16.029699   16.032397   16.030898
 1049.889300   16.029723   16.032421   16.030922
 1050.517600   16.029747   16.032445   16.030946
 1051.145900   16.029771   16.032469   16.030970
 1051.774200   16.029795   16.032493   16.030994
 1052.402500   16.029818   16.032517   16.031018
 1053.030800   16.029842   16.032541   16.031042
 1053.659100   16.029866   16.032564   16.031065
 1054.287400   16.029890   16.032588   16.031089
 1054.915700   16.029913   16.032612   16.031113
 1055.544000   16.029937   16.032635   16.031136
 1056.172300   16.029960   16.032659   16.031160
 1056.800600   16.029984   16.032682   16.031183
 1057.428900   16.030007   16.032706   16.031207
 1058.057200   16.030031   16.032729   16.031230
 1058.685500   16.030054   16.032753   16.031254
 1059.313800   16.030078   16.032776   16.031277
 1059.942100   16.030101   16.032799   16.031300
 1060.570400   16.030124   16.032823   16.031324
 1061.198700   16.030147   16.032846   16.031347
 1061.827000   16.030171   16.032869   16.031370
 1062.455300   16.030194   16.032892   16.031393
 1063.083600   16.030217   16.032915   16.031416
 1063.711900   16.030240   16.032939   16.031439
 1064.340200   16.030263   16.032962   16.031462
 1064.968500   16.030286   16.032985   16.031485
 1065.596800   16.030309   16.033008   16.031508
 1066.225100   16.030332   16.033030   16.031531
 1066.853400   16.030355   16.033053   16.031554
 1067.481700   16.030378   16.033076   16.031577
 1068.110000   16.030400   16.033099   16.031600
 1068.738300   16.030423   16.033122   16.031623
 1069.366600   16.030446   16.033144   16.031645
 1069.994900   16.030469   16.033167   16.031668
 1070.623200   16.030491   16.033190   16.031691
 1071.251500   16.030514   16.033212   16.031713
 1071.879800   16.030536   16.033235   16.031736
 1072.508100   16.030559   16.033257   16.031758
 1073.136400   16.030581   16.033280   16.031781
 1073.764700   16.030604   16.033302   16.031803
 1074.393000   16.030626   16.033325   16.031826
 1075.021300   16.030649   16.033347   16.031848
 1075.649600   16.030671   16.033369   16.031870
 1076.277900   16.030693   16.033392   16.031893
 1076.906200   16.030715   16.033414   16.031915
 1077.534500   16.030738   16.033436   16.031937
 1078.162800   16.030760   16.033458   16.031959
 1078.791100   16.030782   16.033481   16.031981
 1079.419400   16.030804   16.033503   16.032003
 1080.047700   16.030826   16.033525   16.032025
 1080.676000   16.030848   16.033547   16.032048
 1081.304300   16.030870   16.033569   16.032069
 1081.932600   16.030892   16.033591   16.032091
 1082.560900   16.030914   16.033613   16.032113
 1083.189200   16.030936   16.033634   16.032135
 1083.817500   16.030958   16.033656   16.032157
 1084.445800   16.030979   16.033678   16.032179
 1085.074100   16.031001   16.033700   16.032201
 1085.702400   16.031023   16.033722   16.032222
 1086.330700   16.031045   16.033743   16.032244
 1086.959000   16.031066   16.033765   16.032266
 1087.587300   16.031088   16.033786   16.032287
 1088.215600   16.031109   16.033808   16.032309
 1088.843900   16.031131   16.033830   16.032330
 1089.472200   16.031152   16.033851   16.032352
 1090.100500   16.031174   16.033873   16.032373
 1090.728800   16.031195   16.033894   16.032395
 1091.357100   16.031217   16.033915   16.032416
 1091.985400   16.031238   16.033937   16.032438
 1092.613700   16.031259   16.033958   16.032459
 1093.242000   16.031281   16.033979   16.032480
 1093.870300   16.031302   16.034001   16.032501
 1094.498600   16.031323   16.034022   16.032523
 1095.126900   16.031344   16.034043   16.032544
 1095.755200   16.031365   16.034064   16.032565
 1096.383500   16.031387   16.034085   16.032586
 1097.011800   16.031408   16.034106   16.032607
 1097.640100   16.031429   16.034127   16.032628
 1098.268400   16.031450   16.034148   16.032649
 1098.896700   16.031471   16.034169   16.032670
 1099.525000   16.031492   16.034190   16.032691
 1100.153300   16.031512   16.034211   16.032712
 1100.781600   16.031533   16.034232   16.032733
 1101.409900   16.031554   16.034253   16.032754
 1102.038200   16.031575   16.034274   16.032774
 1102.666500   16.031596   16.034294   16.032795
 1103.294800   16.031616   16.034315   16.032816
 1103.923100   16.031637   16.034336   16.032836
 1104.551400   16.031658   16.034356   16.032857
 1105.179700   16.031678   16.034377   16.032878
 1105.808000   16.031699   16.034398   16.032898
 1106.436300   16.031719   16.034418   16.032919
 1107.064600   16.031740   16.034439   16.032939
 1107.692900   16.031760   16.034459   16.032960
 1108.321200   16.031781   16.034479   16.032980
 1108.949500   16.031801   16.034500   16.033001
 1109.577800   16.031822   16.034520   16.033021
 1110.206100   16.031842   16.034541   16.033041
 1110.834400   16.031862   16.034561   16.033062
 1111.462700   16.031882   16.034581   16.033082
 1112.091000   16.031903   16.034601   16.033102
 1112.719300   16.031923   16.034622   16.033122
 1113.347600   16.031943   16.034642   16.033143
 1113.975900   16.031963   16.034662   16.033163
 1114.604200   16.031983   16.034682   16.033183
 1115.232500   16.032003   16.034702   16.033203
 1115.860800   16.032023   16.034722   16.033223
 1116.489100   16.032043   16.034742   16.033243
 1117.117400   16.032063   16.034762   16.033263
 1117.745700   16.032083   16.034782   16.033283
 1118.374000   16.032103   16.034802   16.033303
 1119.002300   16.032123   16.034822   16.033323
 1119.630600   16.032143   16.034842   16.033342
 1120.258900   16.032163   16.034861   16.033362
 1120.887200   16.032182   16.034881   16.033382
 1121.515500   16.032202   16.034901   16.033402
 1122.143800   16.032222   16.034921   16.033421
 1122.772100   16.032242   16.034940   16.033441
 1123.400400   16.032261   16.034960   16.033461
 1124.028700   16.032281   16.034980   16.033480
 1124.657000   16.032300   16.034999   16.033500
 1125.285300   16.032320   16.035019   16.033519
 1125.913600   16.032339   16.035038   16.033539
 1126.541900   16.032359   16.035058   16.033558
 1127.170200   16.032378   16.035077   16.033578
 1127.798500   16.032398   16.035096   16.033597
 1128.426800   16.032417   16.035116   16.033617
 1129.055100   16.032437   16.035135   16.033636
 1129.683400   16.032456   16.035155   16.033655
 1130.311700   16.032475   16.035174   16.033675
 1130.940000   16.032494   16.035193   16.033694
 1131.568300   16.032514   16.035212   16.033713
 1132.196600   16.032533   16.035231   16.033732
 1132.824900   16.032552   16.035251   16.033751
 1133.453200   16.032571   16.035270   16.033770
 1134.081500   16.032590   16.035289   16.033790
 1134.709800   16.032609   16.035308   16.033809
 1135.338100   16.032628   16.035327   16.033828
 1135.966400   16.032647   16.035346   16.033847
 1136.594700   16.032666   16.035365   16.033866
 1137.223000   16.032685   16.035384   16.033885
 1137.851300   16.032704   16.035403   16.033904
 1138.479600   16.032723   16.035422   16.033922
 1139.107900   16.032742   16.035441   16.033941
 1139.736200   16.032761   16.035459   16.033960
 1140.364500   16.032779   16.035478   16.033979
 1140.992800   16.032798   16.035497   16.033998
 1141.621100   16.032817   16.035516   16.034016
 1142.249400   16.032836   16.035534   16.034035
 1142.877700   16.032854   16.035553   16.034054
 1143.506000   16.032873   16.035572   16.034072
 1144.134300   16.032891   16.035590   16.034091
 1144.762600   16.032910   16.035609   16.034109
 1145.390900   16.032929   16.035627   16.034128
 1146.019200   16.032947   16.035646   16.034147
 1146.647500   16.032966   16.035664   16.034165
 1147.275800   16.032984   16.035683   16.034183
 1147.904100   16.033002   16.035701   16.034202
 1148.532400   16.033021   16.035720   16.034220
 1149.160700   16.033039   16.035738   16.034239
 1149.789000   16.033058   16.035756   16.034257
 1150.417300   16.033076   16.035775   16.034275
 1151.045600   16.033094   16.035793   16.034294
 1151.673900   16.033112   16.035811   16.034312
 1152.302200   16.033131   16.035829   16.034330
 1152.930500   16.033149   16.035848   16.034348
 1153.558800   16.033167   16.035866   16.034366
 1154.187100   16.033185   16.035884   16.034385
 1154.815400   16.033203   16.035902   16.034403
 1155.443700   16.033221   16.035920   16.034421
 1156.072000   16.033239   16.035938   16.034439
 1156.700300   16.033257   16.035956   16.034457
 1157.328600   16.033275   16.035974   16.034475
 1157.956900   16.033293   16.035992   16.034493
 1158.585200   16.033311   16.036010   16.034511
 1159.213500   16.033329   16.036028   16.034528
 1159.841800   16.033347   16.036046   16.034546
 1160.470100   16.033365   16.036064   16.034564
 1161.098400   16.033383   16.036081   16.034582
 1161.726700   16.033400   16.036099   16.034600
 1162.355000   16.033418   16.036117   16.034618
 1162.983300   16.033436   16.036135   16.034635
 1163.611600   16.033453   16.036152   16.034653
 1164.239900   16.033471   16.036170   16.034671
 1164.868200   16.033489   16.036188   16.034688
 1165.496500   16.033506   16.036205   16.034706
 1166.124800   16.033524   16.036223   16.034723
 1166.753100   16.033542   16.036240   16.034741
 1167.381400   16.033559   16.036258   16.034759
 1168.009700   16.033577   16.036275   16.034776
 1168.638000   16.033594   16.036293   16.034794
 1169.266300   16.033612   16.036310   16.034811
 1169.894600   16.033629   16.036328   16.034828
 1170.522900   16.033646   16.036345   16.034846
 1171.151200   16.033664   16.036362   16.034863
 1171.779500   16.033681   16.036380   16.034880
 1172.407800   16.033698   16.036397   16.034898
 1173.036100   16.033716   16.036414   16.034915
 1173.664400   16.033733   16.036432   16.034932
 1174.292700   16.033750   16.036449   16.034950
 1174.921000   16.033767   16.036466   16.034967
 1175.549300   16.033784   16.036483   16.034984
 1176.177600   16.033802   16.036500   16.035001
 1176.805900   16.033819   16.036517   16.035018
 1177.434200   16.033836   16.036535   16.035035
 1178.062500   16.033853   16.036552   16.035052
 1178.690800   16.033870   16.036569   16.035069
 1179.319100   16.033887   16.036586   16.035086
 1179.947400   16.033904   16.036603   16.035103
 1180.575700   16.033921   16.036620   16.035120
 1181.204000   16.033938   16.036637   16.035137
 1181.832300   16.033955   16.036653   16.035154
 1182.460600   16.033972   16.036670   16.035171
 1183.088900   16.033988   16.036687   16.035188
 1183.717200   16.034005   16.036704   16.035205
 1184.345500   16.034022   16.036721   16.035221
 1184.973800   16.034039   16.036738   16.035238
 1185.602100   16.034056   16.036754   16.035255
 1186.230400   16.034072   16.036771   16.035272
 1186.858700   16.034089   16.036788   16.035288
 1187.487000   16.034106   16.036804   16.035305
 1188.115300   16.034122   16.036821   16.035322
 1188.743600   16.034139   16.036838   16.035338
 1189.371900   16.034155   16.036854   16.035355
 1190.000200   16.034172   16.036871   16.035371
 1190.628500   16.034189   16.036887   16.035388
 1191.256800   16.034205   16.036904   16.035405
 1191.885100   16.034221   16.036920   16.035421
 1192.513400   16.034238   16.036937   16.035437
 1193.141700   16.034254   16.036953   16.035454
 1193.770000   16.034271   16.036970   16.035470
 1194.398300   16.034287   16.036986   16.035487
 1195.026600   16.034304   16.037002   16.035503
 1195.654900   16.034320   16.037019   16.035519
 1196.283200   16.034336   16.037035   16.035536
 1196.911500   16.034352   16.037051   16.035552
 1197.539800   16.034369   16.037068   16.035568
 1198.168100   16.034385   16.037084   16.035584
 1198.796400   16.034401   16.037100   16.035601
 1199.424700   16.034417   16.037116   16.035617
 1200.053000   16.034433   16.037132   16.035633
 1200.681300   16.034450   16.037148   16.035649
 1201.309600   16.034466   16.037165   16.035665
 1201.937900   16.034482   16.037181   16.035681
 1202.566200   16.034498   16.037197   16.035697
 1203.194500   16.034514   16.037213   16.035713
 1203.822800   16.034530   16.037229   16.035729
 1204.451100   16.034546   16.037245   16.035745
 1205.079400   16.034562   16.037261   16.035761
 1205.707700   16.034578   16.037277   16.035777
 1206.336000   16.034594   16.037292   16.035793
 1206.964300   16.034609   16.037308   16.035809
 1207.592600   16.034625   16.037324   16.035825
 1208.220900   16.034641   16.037340   16.035841
 1208.849200   16.034657   16.037356   16.035856
 1209.477500   16.034673   16.037372   16.035872
 1210.105800   16.034689   16.037387   16.035888
 1210.734100   16.034704   16.037403   16.035904
 1211.362400   16.034720   16.037419   16.035919
 1211.990700   16.034736   16.037435   16.035935
 1212.619000   16.034751   16.037450   16.035951
 1213.247300   16.034767   16.037466   16.035966
 1213.875600   16.034783   16.037481   16.035982
 1214.503900   16.034798   16.037497   16.035998
 1215.132200   16.034814   16.037513   16.036013
 1215.760500   16.034829   16.037528   16.036029
 1216.388800   16.034845   16.037544   16.036044
 1217.017100   16.034860   16.037559   16.036060
 1217.645400   16.034876   16.037575   16.036075
 1218.273700   16.034891   16.037590   16.036091
 1218.902000   16.034907   16.037605   16.036106
 1219.530300   16.034922   16.037621   16.036122
 1220.158600   16.034937   16.037636   16.036137
 1220.786900   16.034953   16.037652   16.036152
 1221.415200   16.034968   16.037667   16.036168
 1222.043500   16.034983   16.037682   16.036183
 1222.671800   16.034999   16.037698   16.036198
 1223.300100   16.035014   16.037713   16.036213
 1223.928400   16.035029   16.037728   16.036229
 1224.556700   16.035044   16.037743   16.036244
 1225.185000   16.035060   16.037758   16.036259
 1225.813300   16.035075   16.037774   16.036274
 1226.441600   16.035090   16.037789   16.036289
 1227.069900   16.035105   16.037804   16.036305
 1227.698200   16.035120   16.037819   16.036320
 1228.326500   16.035135   16.037834   16.036335
 1228.954800   16.035150   16.037849   16.036350
 1229.583100   16.035165   16.037864   16.036365
 1230.211400   16.035180   16.037879   16.036380
 1230.839700   16.035195   16.037894   16.036395
 1231.468000   16.035210   16.037909   16.036410
 1232.096300   16.035225   16.037924   16.036425
 1232.724600   16.035240   16.037939   16.036440
 1233.352900   16.035255   16.037954   16.036454
 1233.981200   16.035270   16.037969   16.036469
 1234.609500   16.035285   16.037984   16.036484
 1235.237800   16.035299   16.037998   16.036499
 1235.866100   16.035314   16.038013   16.036514
 1236.494400   16.035329   16.038028   16.036529
 1237.122700   16.035344   16.038043   16.036543
 1237.751000   16.035359   16.038058   16.036558
 1238.379300   16.035373   16.038072   16.036573
 1239.007600   16.035388   16.038087   16.036588
 1239.635900   16.035403   16.038102   16.036602
 1240.264200   16.035417   16.038116   16.036617
 1240.892500   16.035432   16.038131   16.036631
 1241.520800   16.035447   16.038145   16.036646
 1242.149100   16.035461   16.038160   16.036661
 1242.777400   16.035476   16.038175   16.036675
 1243.405700   16.035490   16.038189   16.036690
 1244.034000   16.035505   16.038204   16.036704
 1244.662300   16.035519   16.038218   16.036719
 1245.290600   16.035534   16.038233   16.036733
 1245.918900   16.035548   16.038247   16.036748
 1246.547200   16.035563   16.038262   16.036762
 1247.175500   16.035577   16.038276   16.036777
 1247.803800   16.035591   16.038290   16.036791
 1248.432100   16.035606   16.038305   16.036805
 1249.060400   16.035620   16.038319   16.036820
 1249.688700   16.035634   16.038333   16.036834
 1250.317000   16.035649   16.038348   16.036848
 1250.945300   16.035663   16.038362   16.036863
 1251.573600   16.035677   16.038376   16.036877
 1252.201900   16.035692   16.038390   16.036891
 1252.830200   16.035706   16.038405   16.036905
 1253.458500   16.035720   16.038419   16.036919
 1254.086800   16.035734   16.038433   16.036934
 1254.715100   16.035748   16.038447   16.036948
 1255.343400   16.035762   16.038461   16.036962
 1255.971700   16.035777   16.038475   16.036976
 1256.600000   16.035791   16.038490   16.036990
